[
    {
        "ID": 5,
        "Name": "OBJ_BIXIEHOME_TABLEA",
        "Type": 55,
        "Scale": 1.399999976158142,
        "Transform": [
            [
                -0.8314695954322815,
                -0.5555702447891235,
                -0.0,
                0.0
            ],
            [
                0.5555702447891235,
                -0.8314695954322815,
                0.0,
                0.0
            ],
            [
                -0.0,
                0.0,
                1.0,
                0.0
            ],
            [
                -1247.6993408203126,
                -1958.0711669921876,
                36.83146286010742,
                1.0
            ]
        ]
    },
    {
        "ID": 6,
        "Name": "OBJ_SEPPAPERA",
        "Type": 55,
        "Scale": 2.0,
        "Transform": [
            [
                -0.08579730987548828,
                0.9963126182556152,
                -0.0,
                0.0
            ],
            [
                -0.9963126182556152,
                -0.08579730987548828,
                0.0,
                0.0
            ],
            [
                0.0,
                0.0,
                1.0,
                0.0
            ],
            [
                -1249.2081298828126,
                -1958.57275390625,
                39.06346893310547,
                1.0
            ]
        ]
    },
    {
        "ID": 7,
        "Name": "OBJ_SEPSCROLLA",
        "Type": 55,
        "Scale": 2.0,
        "Transform": [
            [
                0.9987954497337341,
                0.049067672342061999,
                -0.0,
                0.0
            ],
            [
                -0.049067672342061999,
                0.9987954497337341,
                0.0,
                0.0
            ],
            [
                0.0,
                0.0,
                1.0,
                0.0
            ],
            [
                -1246.859375,
                -1957.844970703125,
                38.69098663330078,
                1.0
            ]
        ]
    },
    {
        "ID": 8,
        "Name": "OBJ_SEPSCROLLSBOX",
        "Type": 55,
        "Scale": 1.0,
        "Transform": [
            [
                0.9634857773780823,
                -0.26663240790367129,
                0.024541229009628297,
                0.0
            ],
            [
                0.2667127549648285,
                0.9637760519981384,
                0.0,
                0.0
            ],
            [
                -0.023652248084545137,
                0.0065454584546387199,
                0.99969881772995,
                0.0
            ],
            [
                -1252.020751953125,
                -1955.4493408203126,
                34.78998565673828,
                1.0
            ]
        ]
    },
    {
        "ID": 9,
        "Name": "OBJ_SEPSCROLLRACK",
        "Type": 55,
        "Scale": 1.0,
        "Transform": [
            [
                -0.9807852506637573,
                0.19509032368659974,
                -0.0,
                0.0
            ],
            [
                -0.19509032368659974,
                -0.9807852506637573,
                0.0,
                0.0
            ],
            [
                0.0,
                0.0,
                1.0,
                0.0
            ],
            [
                -1248.1527099609376,
                -1964.9356689453126,
                34.867042541503909,
                1.0
            ]
        ]
    },
    {
        "ID": 10,
        "Name": "OBJ_HEXBLOCK",
        "Type": 55,
        "Scale": 0.29999998211860659,
        "Transform": [
            [
                0.9939069747924805,
                0.11022220551967621,
                -0.0,
                0.0
            ],
            [
                -0.11022220551967621,
                0.9939069747924805,
                0.0,
                0.0
            ],
            [
                0.0,
                0.0,
                1.0,
                0.0
            ],
            [
                -1246.9405517578126,
                -1954.539306640625,
                37.365169525146487,
                1.0
            ]
        ]
    },
    {
        "ID": 11,
        "Name": "IT11253",
        "Type": 55,
        "Scale": 1.5,
        "Transform": [
            [
                0.9972904324531555,
                0.0735645666718483,
                -0.0,
                0.0
            ],
            [
                -0.0735645666718483,
                0.9972904324531555,
                0.0,
                0.0
            ],
            [
                0.0,
                0.0,
                1.0,
                0.0
            ],
            [
                -1247.0,
                -1954.506591796875,
                41.30202865600586,
                1.0
            ]
        ]
    },
    {
        "ID": 4,
        "Name": "OBJ_BIXIEHOME_TABLEA",
        "Type": 55,
        "Scale": 1.2999999523162842,
        "Transform": [
            [
                -0.8195650577545166,
                0.5622847676277161,
                0.11022220551967621,
                0.0
            ],
            [
                -0.5657318234443665,
                -0.8245893120765686,
                0.0,
                0.0
            ],
            [
                0.09088804572820664,
                -0.06235620751976967,
                0.9939069747924805,
                0.0
            ],
            [
                -1292.2620849609376,
                -1937.4263916015626,
                37.84733581542969,
                1.0
            ]
        ]
    },
    {
        "ID": 12,
        "Name": "OBJ_BARRICADE_HUMAN",
        "Type": 55,
        "Scale": 0.8499999642372131,
        "Transform": [
            [
                0.991515040397644,
                -0.08538416773080826,
                -0.0980171412229538,
                0.0
            ],
            [
                0.08579730987548828,
                0.9963126182556152,
                0.0,
                0.0
            ],
            [
                0.09765571355819702,
                -0.008409606292843819,
                0.9951847195625305,
                0.0
            ],
            [
                -1228.2274169921876,
                -2091.876708984375,
                33.5,
                1.0
            ]
        ]
    },
    {
        "ID": 13,
        "Name": "OBJ_BARRICADE_HUMAN",
        "Type": 55,
        "Scale": 0.8499999642372131,
        "Transform": [
            [
                0.9990213513374329,
                -0.024524597451090814,
                -0.03680722415447235,
                0.0
            ],
            [
                0.024541229009628297,
                0.99969881772995,
                0.0,
                0.0
            ],
            [
                0.03679613769054413,
                -0.0009032944799400866,
                0.9993223547935486,
                0.0
            ],
            [
                -1226.7095947265626,
                -2076.985595703125,
                33.34999465942383,
                1.0
            ]
        ]
    },
    {
        "ID": 14,
        "Name": "OBJ_BARRICADE_HUMAN",
        "Type": 55,
        "Scale": 0.8999999761581421,
        "Transform": [
            [
                0.7959004640579224,
                -0.5902799963951111,
                -0.13458070158958436,
                0.0
            ],
            [
                0.5956993103027344,
                0.803207516670227,
                0.0,
                0.0
            ],
            [
                0.10809622704982758,
                -0.08016962558031082,
                0.9909026622772217,
                0.0
            ],
            [
                -1204.3660888671876,
                -2062.169677734375,
                33.34999465942383,
                1.0
            ]
        ]
    },
    {
        "ID": 15,
        "Name": "OBJ_BARRICADE_HUMAN",
        "Type": 55,
        "Scale": 0.8999999761581421,
        "Transform": [
            [
                0.8904989361763,
                -0.4346259832382202,
                -0.13458070158958436,
                0.0
            ],
            [
                0.43861624598503115,
                0.898674488067627,
                0.0,
                0.0
            ],
            [
                0.12094423919916153,
                -0.05902928113937378,
                0.9909026622772217,
                0.0
            ],
            [
                -1212.0999755859376,
                -2076.071044921875,
                33.0,
                1.0
            ]
        ]
    },
    {
        "ID": 19,
        "Name": "IT11059",
        "Type": 58,
        "Scale": 2.0,
        "Transform": [
            [
                -0.03522231802344322,
                -0.010684572160243988,
                0.9993223547935486,
                0.0
            ],
            [
                -0.290284663438797,
                0.9569403529167175,
                -0.0,
                0.0
            ],
            [
                -0.9562918543815613,
                -0.2900879383087158,
                -0.03680722415447235,
                0.0
            ],
            [
                -1001.59375,
                -796.812255859375,
                -250.64886474609376,
                1.0
            ]
        ]
    },
    {
        "ID": 20,
        "Name": "IT27",
        "Type": 58,
        "Scale": 1.0,
        "Transform": [
            [
                0.5714904069900513,
                -0.6791927218437195,
                -0.46053871512413027,
                0.0
            ],
            [
                0.765167236328125,
                0.6438315510749817,
                0.0,
                0.0
            ],
            [
                0.296509325504303,
                -0.3523891270160675,
                0.8876396417617798,
                0.0
            ],
            [
                -1059.0625,
                -862.0831298828125,
                -249.1679229736328,
                1.0
            ]
        ]
    },
    {
        "ID": 21,
        "Name": "IT11618",
        "Type": 58,
        "Scale": 1.0,
        "Transform": [
            [
                -0.5349976420402527,
                -0.8448535799980164,
                -0.0,
                0.0
            ],
            [
                -0.8448535799980164,
                0.5349976420402527,
                -0.0,
                0.0
            ],
            [
                0.0,
                0.0,
                -1.0,
                0.0
            ],
            [
                -1053.61376953125,
                -851.4354858398438,
                -249.9179229736328,
                1.0
            ]
        ]
    },
    {
        "ID": 22,
        "Name": "OBJ_BIXIEHOME_BOOKCASE",
        "Type": 58,
        "Scale": 1.0,
        "Transform": [
            [
                0.9924795627593994,
                0.12241067737340927,
                -0.0,
                0.0
            ],
            [
                -0.12241067737340927,
                0.9924795627593994,
                0.0,
                0.0
            ],
            [
                0.0,
                0.0,
                1.0,
                0.0
            ],
            [
                -1042.609375,
                -803.2291259765625,
                -247.82936096191407,
                1.0
            ]
        ]
    },
    {
        "ID": 23,
        "Name": "IT27",
        "Type": 58,
        "Scale": 1.2999999523162842,
        "Transform": [
            [
                0.0,
                0.5141027569770813,
                0.8577286005020142,
                0.0
            ],
            [
                -1.0,
                0.0,
                0.0,
                0.0
            ],
            [
                0.0,
                -0.8577286005020142,
                0.5141027569770813,
                0.0
            ],
            [
                -1042.5740966796876,
                -805.1593017578125,
                -243.47999572753907,
                1.0
            ]
        ]
    },
    {
        "ID": 24,
        "Name": "IT11073",
        "Type": 58,
        "Scale": 2.0,
        "Transform": [
            [
                0.16807356476783753,
                0.03129284456372261,
                0.9852776527404785,
                0.0
            ],
            [
                -0.18303988873958589,
                0.983105480670929,
                0.0,
                0.0
            ],
            [
                -0.9686318039894104,
                -0.1803451031446457,
                0.1709618866443634,
                0.0
            ],
            [
                -1111.844970703125,
                -773.8937377929688,
                -232.20782470703126,
                1.0
            ]
        ]
    },
    {
        "ID": 25,
        "Name": "IT28",
        "Type": 58,
        "Scale": 2.0,
        "Transform": [
            [
                -0.9238795042037964,
                -0.3826834261417389,
                -0.0,
                0.0
            ],
            [
                0.3826834261417389,
                -0.9238795042037964,
                0.0,
                0.0
            ],
            [
                -0.0,
                0.0,
                1.0,
                0.0
            ],
            [
                -1070.086181640625,
                -764.1663818359375,
                -238.31719970703126,
                1.0
            ]
        ]
    },
    {
        "ID": 26,
        "Name": "IT28",
        "Type": 58,
        "Scale": 2.0,
        "Transform": [
            [
                1.0,
                0.0,
                -0.0,
                0.0
            ],
            [
                0.0,
                1.0,
                0.0,
                0.0
            ],
            [
                0.0,
                0.0,
                1.0,
                0.0
            ],
            [
                -1018.062255859375,
                -826.4982299804688,
                -249.329345703125,
                1.0
            ]
        ]
    },
    {
        "ID": 27,
        "Name": "IT11059",
        "Type": 58,
        "Scale": 4.0,
        "Transform": [
            [
                0.513279914855957,
                -0.7681776881217957,
                0.3826834261417389,
                0.0
            ],
            [
                -0.8314695954322815,
                -0.5555702447891235,
                -0.0,
                0.0
            ],
            [
                0.2126075178384781,
                -0.3181896209716797,
                -0.9238795042037964,
                0.0
            ],
            [
                -1165.5885009765626,
                -762.36279296875,
                -220.27935791015626,
                1.0
            ]
        ]
    },
    {
        "ID": 28,
        "Name": "IT11618",
        "Type": 58,
        "Scale": 2.0,
        "Transform": [
            [
                0.0,
                0.0,
                1.0,
                0.0
            ],
            [
                -1.0,
                0.0,
                0.0,
                0.0
            ],
            [
                0.0,
                -1.0,
                0.0,
                0.0
            ],
            [
                -1173.8211669921876,
                -805.119140625,
                -215.4615478515625,
                1.0
            ]
        ]
    },
    {
        "ID": 29,
        "Name": "IT11073",
        "Type": 58,
        "Scale": 1.0,
        "Transform": [
            [
                0.0,
                0.0,
                1.0,
                0.0
            ],
            [
                -1.0,
                0.0,
                0.0,
                0.0
            ],
            [
                0.0,
                -1.0,
                0.0,
                0.0
            ],
            [
                -1228.5849609375,
                -811.1591796875,
                -216.21078491210938,
                1.0
            ]
        ]
    },
    {
        "ID": 30,
        "Name": "IT11618",
        "Type": 58,
        "Scale": 2.0,
        "Transform": [
            [
                0.0,
                -0.0,
                1.0,
                0.0
            ],
            [
                0.9415440559387207,
                0.3368898630142212,
                0.0,
                0.0
            ],
            [
                -0.3368898630142212,
                0.9415440559387207,
                0.0,
                0.0
            ],
            [
                -1040.204833984375,
                -798.0399169921875,
                -249.57936096191407,
                1.0
            ]
        ]
    },
    {
        "ID": 31,
        "Name": "OBJ_VINE_TWIST",
        "Type": 55,
        "Scale": 0.17999999225139619,
        "Transform": [
            [
                0.7006487846374512,
                0.6350310444831848,
                -0.32531028985977175,
                0.0
            ],
            [
                0.6715589761734009,
                -0.7409511208534241,
                -0.0,
                0.0
            ],
            [
                -0.24103902280330659,
                -0.21846504509449006,
                -0.9456073045730591,
                0.0
            ],
            [
                -1328.03466796875,
                -2055.58642578125,
                38.5693359375,
                1.0
            ]
        ]
    },
    {
        "ID": 33,
        "Name": "OBJ_HARVEST_BUCKET",
        "Type": 55,
        "Scale": 0.75,
        "Transform": [
            [
                -0.6552461385726929,
                0.7410280704498291,
                0.1467304676771164,
                0.0
            ],
            [
                -0.7491363883018494,
                -0.6624158024787903,
                0.0,
                0.0
            ],
            [
                0.09719657897949219,
                -0.10992112755775452,
                0.9891765117645264,
                0.0
            ],
            [
                -1292.90625,
                -1942.7603759765626,
                37.89104461669922,
                1.0
            ]
        ]
    },
    {
        "ID": 34,
        "Name": "OBJ_HARVESTPOTS",
        "Type": 55,
        "Scale": 0.05999999865889549,
        "Transform": [
            [
                -0.8114361763000488,
                0.5714778304100037,
                0.12241067737340927,
                0.0
            ],
            [
                -0.5758081674575806,
                -0.8175848126411438,
                0.0,
                0.0
            ],
            [
                0.10008110851049423,
                -0.07048506289720535,
                0.9924795627593994,
                0.0
            ],
            [
                -1289.8992919921876,
                -1937.0999755859376,
                39.73999786376953,
                1.0
            ]
        ]
    },
    {
        "ID": 35,
        "Name": "OBJ_HONEYFILLER",
        "Type": 55,
        "Scale": 0.14999999105930329,
        "Transform": [
            [
                -0.949528157711029,
                -0.3136817514896393,
                -0.0,
                0.0
            ],
            [
                0.3136817514896393,
                -0.949528157711029,
                0.0,
                0.0
            ],
            [
                -0.0,
                0.0,
                1.0,
                0.0
            ],
            [
                -1292.8992919921876,
                -1942.7999267578126,
                38.12971496582031,
                1.0
            ]
        ]
    },
    {
        "ID": 36,
        "Name": "OBJ_HONEYFILLER",
        "Type": 55,
        "Scale": 0.699999988079071,
        "Transform": [
            [
                0.7909878492355347,
                -0.6018216609954834,
                -0.11022220551967621,
                0.0
            ],
            [
                0.6055110692977905,
                0.7958369255065918,
                0.0,
                0.0
            ],
            [
                0.0877188965678215,
                -0.06674075871706009,
                0.9939069747924805,
                0.0
            ],
            [
                -1292.5294189453126,
                -1937.1700439453126,
                39.689998626708987,
                1.0
            ]
        ]
    },
    {
        "ID": 37,
        "Name": "IT11253",
        "Type": 55,
        "Scale": 2.0,
        "Transform": [
            [
                0.9745268225669861,
                -0.21883730590343476,
                0.049067676067352298,
                0.0
            ],
            [
                0.21910123527050019,
                0.9757021069526672,
                0.0,
                0.0
            ],
            [
                -0.047875434160232547,
                0.010750788263976574,
                0.9987954497337341,
                0.0
            ],
            [
                -1322.25,
                -2047.506591796875,
                49.30202865600586,
                1.0
            ]
        ]
    },
    {
        "ID": 38,
        "Name": "OBJ_HONEYDRIPA",
        "Type": 55,
        "Scale": 0.019999999552965165,
        "Transform": [
            [
                -0.9543474316596985,
                0.28949809074401858,
                -0.0735645666718483,
                0.0
            ],
            [
                -0.290284663438797,
                -0.9569403529167175,
                0.0,
                0.0
            ],
            [
                -0.07039690017700196,
                0.021354664117097856,
                0.9972904324531555,
                0.0
            ],
            [
                -1289.3798828125,
                -1937.079833984375,
                38.62998962402344,
                1.0
            ]
        ]
    },
    {
        "ID": 39,
        "Name": "OBJ_BIXIEHOME_TABLEA",
        "Type": 55,
        "Scale": 1.399999976158142,
        "Transform": [
            [
                -0.9586230516433716,
                -0.2779955267906189,
                -0.06132073700428009,
                0.0
            ],
            [
                0.2785196900367737,
                -0.9604305028915405,
                0.0,
                0.0
            ],
            [
                -0.05889430269598961,
                -0.017079031094908716,
                0.9981181025505066,
                0.0
            ],
            [
                -1267.167724609375,
                -1914.7152099609376,
                41.09999465942383,
                1.0
            ]
        ]
    },
    {
        "ID": 40,
        "Name": "OBP_CASTLETOP_MAIN",
        "Type": 55,
        "Scale": 0.009999999776482582,
        "Transform": [
            [
                0.6895405650138855,
                0.7242470979690552,
                -0.0,
                0.0
            ],
            [
                -0.7242470979690552,
                0.6895405650138855,
                0.0,
                0.0
            ],
            [
                0.0,
                0.0,
                1.0,
                0.0
            ],
            [
                -1266.931884765625,
                -1914.8072509765626,
                43.799991607666019,
                1.0
            ]
        ]
    },
    {
        "ID": 41,
        "Name": "OBP_ROOFTOP",
        "Type": 55,
        "Scale": 0.009999999776482582,
        "Transform": [
            [
                0.8314695954322815,
                0.5555702447891235,
                -0.0,
                0.0
            ],
            [
                -0.5555702447891235,
                0.8314695954322815,
                0.0,
                0.0
            ],
            [
                0.0,
                0.0,
                1.0,
                0.0
            ],
            [
                -1266.264892578125,
                -1914.1214599609376,
                45.33999252319336,
                1.0
            ]
        ]
    },
    {
        "ID": 42,
        "Name": "OBJ_CATAPULTCOMPLETE",
        "Type": 55,
        "Scale": 0.04999999701976776,
        "Transform": [
            [
                0.9074569940567017,
                0.41564586758613589,
                0.06132073700428009,
                0.0
            ],
            [
                -0.4164295494556427,
                0.909168004989624,
                0.0,
                0.0
            ],
            [
                -0.05575085058808327,
                -0.025535766035318376,
                0.9981181025505066,
                0.0
            ],
            [
                -1268.9771728515626,
                -1915.4305419921876,
                42.844993591308597,
                1.0
            ]
        ]
    },
    {
        "ID": 43,
        "Name": "OBJ_CATAPULTCOMPLETE",
        "Type": 55,
        "Scale": 0.04999999701976776,
        "Transform": [
            [
                0.995413601398468,
                0.07342611998319626,
                0.06132073700428009,
                0.0
            ],
            [
                -0.0735645666718483,
                0.9972904324531555,
                0.0,
                0.0
            ],
            [
                -0.06115458160638809,
                -0.004511033184826374,
                0.9981181025505066,
                0.0
            ],
            [
                -1269.3055419921876,
                -1914.5189208984376,
                42.83399963378906,
                1.0
            ]
        ]
    },
    {
        "ID": 44,
        "Name": "OBJ_CATAPULTCOMPLETE",
        "Type": 55,
        "Scale": 0.04999999701976776,
        "Transform": [
            [
                0.7715556621551514,
                0.6331993937492371,
                0.06132073700428009,
                0.0
            ],
            [
                -0.6343932747840881,
                0.7730104327201843,
                0.0,
                0.0
            ],
            [
                -0.04740156605839729,
                -0.03890146315097809,
                0.9981181025505066,
                0.0
            ],
            [
                -1268.4437255859376,
                -1916.317626953125,
                42.86499786376953,
                1.0
            ]
        ]
    },
    {
        "ID": 45,
        "Name": "OBJ_SEPSCROLLA",
        "Type": 55,
        "Scale": 1.0,
        "Transform": [
            [
                -0.8577286005020142,
                -0.5141027569770813,
                -0.0,
                0.0
            ],
            [
                0.5141027569770813,
                -0.8577286005020142,
                0.0,
                0.0
            ],
            [
                -0.0,
                0.0,
                1.0,
                0.0
            ],
            [
                -1268.1162109375,
                -1912.494140625,
                42.92999267578125,
                1.0
            ]
        ]
    },
    {
        "ID": 16,
        "Name": "OBJ_HARVEST_TROUGH",
        "Type": 55,
        "Scale": 2.0,
        "Transform": [
            [
                -0.08569395542144776,
                -0.9951124787330627,
                -0.049067676067352298,
                0.0
            ],
            [
                -0.9963126182556152,
                0.08579730987548828,
                -0.0,
                0.0
            ],
            [
                0.004209874197840691,
                0.0488867424428463,
                -0.9987954497337341,
                0.0
            ],
            [
                -1322.9635009765626,
                -2045.249267578125,
                36.439918518066409,
                1.0
            ]
        ]
    },
    {
        "ID": 2,
        "Name": "OBJ_HONEYFILLER",
        "Type": 55,
        "Scale": 0.23999999463558198,
        "Transform": [
            [
                -0.8382247090339661,
                0.545324981212616,
                -0.0,
                0.0
            ],
            [
                -0.545324981212616,
                -0.8382247090339661,
                0.0,
                0.0
            ],
            [
                0.0,
                0.0,
                1.0,
                0.0
            ],
            [
                -1309.5068359375,
                -1950.732421875,
                36.72507858276367,
                1.0
            ]
        ]
    },
    {
        "ID": 17,
        "Name": "OBJ_HONEYFILLER",
        "Type": 55,
        "Scale": 0.23999999463558198,
        "Transform": [
            [
                -0.5141027569770813,
                0.8577286005020142,
                -0.0,
                0.0
            ],
            [
                -0.8577286005020142,
                -0.5141027569770813,
                0.0,
                0.0
            ],
            [
                0.0,
                0.0,
                1.0,
                0.0
            ],
            [
                -1305.81005859375,
                -1951.236083984375,
                36.647220611572269,
                1.0
            ]
        ]
    },
    {
        "ID": 18,
        "Name": "OBP_FERNCARDEXT",
        "Type": 55,
        "Scale": 0.19999998807907105,
        "Transform": [
            [
                0.4713967442512512,
                0.8819212913513184,
                -0.0,
                0.0
            ],
            [
                -0.8819212913513184,
                0.4713967442512512,
                0.0,
                0.0
            ],
            [
                0.0,
                0.0,
                1.0,
                0.0
            ],
            [
                -1327.8575439453126,
                -2055.82275390625,
                37.48999786376953,
                1.0
            ]
        ]
    },
    {
        "ID": 32,
        "Name": "OBJ_SEPSCROLLA",
        "Type": 58,
        "Scale": 1.0,
        "Transform": [
            [
                -0.2247714251279831,
                0.8527970910072327,
                -0.4713967442512512,
                0.0
            ],
            [
                -0.9669764637947083,
                -0.2548656463623047,
                0.0,
                0.0
            ],
            [
                -0.12014283239841461,
                0.45582953095436098,
                0.8819212913513184,
                0.0
            ],
            [
                -226.23077392578126,
                -824.5086669921875,
                -179.67999267578126,
                1.0
            ]
        ]
    },
    {
        "ID": 46,
        "Name": "OBJ_SEPSCROLLB",
        "Type": 58,
        "Scale": 1.0,
        "Transform": [
            [
                0.7572088241577148,
                -0.6531728506088257,
                -0.0,
                0.0
            ],
            [
                0.6531728506088257,
                0.7572088241577148,
                0.0,
                0.0
            ],
            [
                0.0,
                -0.0,
                1.0,
                0.0
            ],
            [
                -209.9462127685547,
                -797.3888549804688,
                -183.88702392578126,
                1.0
            ]
        ]
    },
    {
        "ID": 47,
        "Name": "OBJ_SEPSCROLLB",
        "Type": 58,
        "Scale": 1.0,
        "Transform": [
            [
                -0.024229589849710466,
                -0.9870040416717529,
                -0.15885815024375916,
                0.0
            ],
            [
                0.99969881772995,
                -0.024541229009628297,
                0.0,
                0.0
            ],
            [
                -0.0038985740393400194,
                -0.1588103026151657,
                0.9873014092445374,
                0.0
            ],
            [
                -506.40057373046877,
                -744.015625,
                -162.81320190429688,
                1.0
            ]
        ]
    },
    {
        "ID": 48,
        "Name": "OBJ_SEPSCROLLA",
        "Type": 58,
        "Scale": 1.0,
        "Transform": [
            [
                0.909168004989624,
                0.4164295494556427,
                -0.0,
                0.0
            ],
            [
                -0.4164295494556427,
                0.909168004989624,
                0.0,
                0.0
            ],
            [
                0.0,
                0.0,
                1.0,
                0.0
            ],
            [
                -535.1519165039063,
                -779.6019897460938,
                -157.0,
                1.0
            ]
        ]
    },
    {
        "ID": 49,
        "Name": "OBJ_SEPSCROLLA",
        "Type": 58,
        "Scale": 1.0,
        "Transform": [
            [
                -0.024541229009628297,
                -0.99969881772995,
                -0.0,
                0.0
            ],
            [
                0.99969881772995,
                -0.024541229009628297,
                0.0,
                0.0
            ],
            [
                -0.0,
                0.0,
                1.0,
                0.0
            ],
            [
                -528.7046508789063,
                -623.7117919921875,
                -142.65499877929688,
                1.0
            ]
        ]
    },
    {
        "ID": 50,
        "Name": "OBJ_SEPSCROLLA",
        "Type": 58,
        "Scale": 1.0,
        "Transform": [
            [
                -0.5956993103027344,
                0.803207516670227,
                -0.0,
                0.0
            ],
            [
                -0.803207516670227,
                -0.5956993103027344,
                0.0,
                0.0
            ],
            [
                0.0,
                0.0,
                1.0,
                0.0
            ],
            [
                -558.9315185546875,
                -649.7320556640625,
                -141.84999084472657,
                1.0
            ]
        ]
    },
    {
        "ID": 51,
        "Name": "OBJ_SEPSCROLLB",
        "Type": 58,
        "Scale": 1.0,
        "Transform": [
            [
                0.0,
                -0.9569403529167175,
                -0.290284663438797,
                0.0
            ],
            [
                1.0,
                0.0,
                0.0,
                0.0
            ],
            [
                0.0,
                -0.290284663438797,
                0.9569403529167175,
                0.0
            ],
            [
                -548.6557006835938,
                -561.812255859375,
                -139.1999969482422,
                1.0
            ]
        ]
    },
    {
        "ID": 52,
        "Name": "OBJ_HIVEAMMO",
        "Type": 58,
        "Scale": 1.0,
        "Transform": [
            [
                0.8448535799980164,
                0.5349976420402527,
                -0.0,
                0.0
            ],
            [
                -0.5349976420402527,
                0.8448535799980164,
                0.0,
                0.0
            ],
            [
                0.0,
                0.0,
                1.0,
                0.0
            ],
            [
                -521.0797729492188,
                -562.8958129882813,
                -138.82339477539063,
                1.0
            ]
        ]
    },
    {
        "ID": 53,
        "Name": "OBJ_HIVEAMMO",
        "Type": 58,
        "Scale": 2.0,
        "Transform": [
            [
                -0.0,
                0.0,
                1.0,
                0.0
            ],
            [
                0.0,
                -1.0,
                0.0,
                0.0
            ],
            [
                1.0,
                0.0,
                0.0,
                0.0
            ],
            [
                -531.8273315429688,
                -541.8848266601563,
                -140.58189392089845,
                1.0
            ]
        ]
    },
    {
        "ID": 54,
        "Name": "OBJ_HIVEAMMO",
        "Type": 58,
        "Scale": 1.2999999523162842,
        "Transform": [
            [
                0.40394967794418337,
                0.8819213509559631,
                -0.24298018217086793,
                0.0
            ],
            [
                -0.909168004989624,
                0.4164295494556427,
                0.0,
                0.0
            ],
            [
                0.10118412226438523,
                0.22090980410575868,
                0.9700312614440918,
                0.0
            ],
            [
                -541.7881469726563,
                -565.8072509765625,
                -137.78802490234376,
                1.0
            ]
        ]
    },
    {
        "ID": 55,
        "Name": "OBJ_HIVEAMMO",
        "Type": 58,
        "Scale": 1.0,
        "Transform": [
            [
                -0.9415440559387207,
                -0.0,
                -0.3368898630142212,
                0.0
            ],
            [
                0.0,
                1.0,
                -0.0,
                0.0
            ],
            [
                0.3368898630142212,
                0.0,
                -0.9415440559387207,
                0.0
            ],
            [
                -537.329833984375,
                -551.1388549804688,
                -141.58189392089845,
                1.0
            ]
        ]
    },
    {
        "ID": 56,
        "Name": "OBJ_HIVEAMMO",
        "Type": 58,
        "Scale": 0.5,
        "Transform": [
            [
                0.0,
                0.9757021069526672,
                0.21910123527050019,
                0.0
            ],
            [
                -1.0,
                0.0,
                0.0,
                0.0
            ],
            [
                0.0,
                -0.21910123527050019,
                0.9757021069526672,
                0.0
            ],
            [
                -548.1543579101563,
                -549.4315795898438,
                -138.17446899414063,
                1.0
            ]
        ]
    },
    {
        "ID": 1,
        "Name": "OBP_FLOWER_PURPEXT",
        "Type": 58,
        "Scale": 0.3999999761581421,
        "Transform": [
            [
                -0.0,
                0.290284663438797,
                0.9569403529167175,
                0.0
            ],
            [
                1.0,
                0.0,
                -0.0,
                0.0
            ],
            [
                -0.0,
                0.9569403529167175,
                -0.290284663438797,
                0.0
            ],
            [
                -453.8459777832031,
                -1595.30029296875,
                -180.04403686523438,
                1.0
            ]
        ]
    },
    {
        "ID": 57,
        "Name": "OBP_FLOWER_PURPEXT",
        "Type": 58,
        "Scale": 1.0,
        "Transform": [
            [
                -0.24383139610290528,
                -0.881093442440033,
