[
    {
        "ID": 3,
        "Name": "STILLMOONGATE",
        "Type": 58,
        "Scale": 1.0,
        "Transform": [
            [
                -0.012271538376808167,
                -0.9999247193336487,
                -0.0,
                0.0
            ],
            [
                0.9999247193336487,
                -0.012271538376808167,
                0.0,
                0.0
            ],
            [
                -0.0,
                0.0,
                1.0,
                0.0
            ],
            [
                1582.4495849609376,
                130.16986083984376,
                122.04288482666016,
                1.0
            ]
        ]
    },
    {
        "ID": 1,
        "Name": "PORTAL_DISC",
        "Type": 57,
        "Scale": 1.0,
        "Transform": [
            [
                0.9533060193061829,
                -0.30200594663619997,
                -0.0,
                0.0
            ],
            [
                0.30200594663619997,
                0.9533060193061829,
                0.0,
                0.0
            ],
            [
                0.0,
                -0.0,
                1.0,
                0.0
            ],
            [
                782.954833984375,
                -841.9732055664063,
                35.18585968017578,
                1.0
            ]
        ]
    },
    {
        "ID": 4,
        "Name": "PORTAL_DISC",
        "Type": 57,
        "Scale": 1.0,
        "Transform": [
            [
                0.19509032368659974,
                0.9807852506637573,
                -0.0,
                0.0
            ],
            [
                -0.9807852506637573,
                0.19509032368659974,
                0.0,
                0.0
            ],
            [
                0.0,
                0.0,
                1.0,
                0.0
            ],
            [
                511.1466369628906,
                1241.883544921875,
                23.419166564941408,
                1.0
            ]
        ]
    },
    {
        "ID": 7,
        "Name": "PORTAL_DISC",
        "Type": 57,
        "Scale": 1.0,
        "Transform": [
            [
                0.9852776527404785,
                0.1709618866443634,
                -0.0,
                0.0
            ],
            [
                -0.1709618866443634,
                0.9852776527404785,
                0.0,
                0.0
            ],
            [
                0.0,
                0.0,
                1.0,
                0.0
            ],
            [
                1199.839599609375,
                -1285.5533447265626,
                53.54358673095703,
                1.0
            ]
        ]
    },
    {
        "ID": 8,
        "Name": "PORTAL_DISC",
        "Type": 57,
        "Scale": 1.0,
        "Transform": [
            [
                0.9238795042037964,
                -0.3826834261417389,
                -0.0,
                0.0
            ],
            [
                0.3826834261417389,
                0.9238795042037964,
                0.0,
                0.0
            ],
            [
                0.0,
                -0.0,
                1.0,
                0.0
            ],
            [
                634.2548217773438,
                1477.0416259765626,
                16.081378936767579,
                1.0
            ]
        ]
    },
    {
        "ID": 9,
        "Name": "PORTAL_DISC",
        "Type": 57,
        "Scale": 1.0,
        "Transform": [
            [
                0.9604305028915405,
                -0.2785196900367737,
                -0.0,
                0.0
            ],
            [
                0.2785196900367737,
                0.9604305028915405,
                0.0,
                0.0
            ],
            [
                0.0,
                -0.0,
                1.0,
                0.0
            ],
            [
                -876.657958984375,
                1622.3367919921876,
                21.586421966552736,
                1.0
            ]
        ]
    },
    {
        "ID": 10,
        "Name": "CAVEFACADE",
        "Type": 58,
        "Scale": 1.0,
        "Transform": [
            [
                0.08538416773080826,
                0.991515040397644,
                0.0980171412229538,
                0.0
            ],
            [
                -0.9963126182556152,
                0.08579730987548828,
                0.0,
                0.0
            ],
            [
                -0.008409606292843819,
                -0.09765571355819702,
                0.9951847195625305,
                0.0
            ],
            [
                907.3489379882813,
                -1635.3887939453126,
                73.4095687866211,
                1.0
            ]
        ]
    },
    {
        "ID": 11,
        "Name": "CAVEFACADE",
        "Type": 58,
        "Scale": 1.0,
        "Transform": [
            [
                0.9807114005088806,
                0.012035743333399296,
                0.19509032368659974,
                0.0
            ],
            [
                -0.012271538376808167,
                0.9999247193336487,
                0.0,
                0.0
            ],
            [
                -0.1950756311416626,
                -0.0023940582759678365,
                0.9807852506637573,
                0.0
            ],
            [
                -1792.9093017578126,
                -1497.728515625,
                148.2611846923828,
                1.0
            ]
        ]
    },
    {
        "ID": 12,
        "Name": "CAVEFACADE_ICE",
        "Type": 58,
        "Scale": 1.0,
        "Transform": [
            [
                -0.9948849678039551,
                0.09798761457204819,
                -0.024541229009628297,
                0.0
            ],
            [
                -0.0980171412229538,
                -0.9951847195625305,
                0.0,
                0.0
            ],
            [
                -0.024423055350780488,
                0.002405460923910141,
                0.99969881772995,
                0.0
            ],
            [
                1593.845458984375,
                684.605224609375,
                47.280517578125,
                1.0
            ]
        ]
    },
    {
        "ID": 13,
        "Name": "OBJ_DRAGSHRINEB",
        "Type": 55,
        "Scale": 1.0,
        "Transform": [
            [
                -0.5857978463172913,
                0.810457170009613,
                -0.0,
                0.0
            ],
            [
                -0.810457170009613,
                -0.5857978463172913,
                0.0,
                0.0
            ],
            [
                0.0,
                0.0,
                1.0,
                0.0
            ],
            [
                -514.218017578125,
                -1296.9512939453126,
                64.52654266357422,
                1.0
            ]
        ]
    },
    {
        "ID": 14,
        "Name": "PORTAL_DISC",
        "Type": 57,
        "Scale": 1.0,
        "Transform": [
            [
                -0.8175848126411438,
                -0.5758081674575806,
                -0.0,
                0.0
            ],
            [
                0.5758081674575806,
                -0.8175848126411438,
                0.0,
                0.0
            ],
            [
                -0.0,
                0.0,
                1.0,
                0.0
            ],
            [
                -524.6458740234375,
                -1283.1075439453126,
                66.58722686767578,
                1.0
            ]
        ]
    },
    {
        "ID": 15,
        "Name": "PORTAL_DISC",
        "Type": 57,
        "Scale": 1.0,
        "Transform": [
            [
                0.0,
                1.0,
                -0.0,
                0.0
            ],
            [
                -1.0,
                0.0,
                0.0,
                0.0
            ],
            [
                0.0,
                0.0,
                1.0,
                0.0
            ],
            [
                1031.6024169921876,
                54.00103759765625,
                120.65743255615235,
                1.0
            ]
        ]
    }
]