[
    {
        "ID": 2,
        "Name": "SPIDERDOOR",
        "Type": 55,
        "Scale": 1.0,
        "Transform": [
            [
                -0.5141027569770813,
                -0.8577286005020142,
                -0.0,
                0.0
            ],
            [
                0.8577286005020142,
                -0.5141027569770813,
                0.0,
                0.0
            ],
            [
                -0.0,
                0.0,
                1.0,
                0.0
            ],
            [
                -689.9530639648438,
                -1305.822265625,
                17.328048706054689,
                1.0
            ]
        ]
    },
    {
        "ID": 3,
        "Name": "SPIDERDOOR",
        "Type": 55,
        "Scale": 1.0,
        "Transform": [
            [
                0.9924795627593994,
                -0.12241067737340927,
                -0.0,
                0.0
            ],
            [
                0.12241067737340927,
                0.9924795627593994,
                0.0,
                0.0
            ],
            [
                0.0,
                -0.0,
                1.0,
                0.0
            ],
            [
                -1063.1041259765626,
                -581.203125,
                2.6536810398101808,
                1.0
            ]
        ]
    },
    {
        "ID": 1,
        "Name": "DRAGONDOOR",
        "Type": 55,
        "Scale": 1.0,
        "Transform": [
            [
                0.6895405650138855,
                0.7242470979690552,
                -0.0,
                0.0
            ],
            [
                -0.7242470979690552,
                0.6895405650138855,
                0.0,
                0.0
            ],
            [
                0.0,
                0.0,
                1.0,
                0.0
            ],
            [
                148.9341278076172,
                -865.5192260742188,
                8.278583526611329,
                1.0
            ]
        ]
    },
    {
        "ID": 4,
        "Name": "DRAGONDOOR",
        "Type": 58,
        "Scale": 1.0,
        "Transform": [
            [
                -0.9569403529167175,
                0.290284663438797,
                -0.0,
                0.0
            ],
            [
                -0.290284663438797,
                -0.9569403529167175,
                0.0,
                0.0
            ],
            [
                0.0,
                0.0,
                1.0,
                0.0
            ],
            [
                514.0992431640625,
                -1061.8524169921876,
                -14.438003540039063,
                1.0
            ]
        ]
    },
    {
        "ID": 5,
        "Name": "DRAGNDRMETAL",
        "Type": 58,
        "Scale": 1.0,
        "Transform": [
            [
                0.9637760519981384,
                0.2667127549648285,
                -0.0,
                0.0
            ],
            [
                -0.2667127549648285,
                0.9637760519981384,
                0.0,
                0.0
            ],
            [
                0.0,
                0.0,
                1.0,
                0.0
            ],
            [
                -388.8153076171875,
                -68.79589080810547,
                10.395451545715332,
                1.0
            ]
        ]
    },
    {
        "ID": 6,
        "Name": "CAVEFACADE",
        "Type": 57,
        "Scale": 1.0,
        "Transform": [
            [
                -0.9706214070320129,
                0.15617431700229646,
                0.18303988873958589,
                0.0
            ],
            [
                -0.15885815024375916,
                -0.9873014092445374,
                0.0,
                0.0
            ],
            [
                0.18071553111076356,
                -0.029077377170324327,
                0.983105480670929,
                0.0
            ],
            [
                -389.0,
                -692.0,
                -18.38648796081543,
                1.0
            ]
        ]
    },
    {
        "ID": 7,
        "Name": "CAVEFACADE",
        "Type": 57,
        "Scale": 1.0,
        "Transform": [
            [
                -0.9167153239250183,
                -0.36660197377204897,
                0.15885815024375916,
                0.0
            ],
            [
                0.37131720781326296,
                -0.928506076335907,
                0.0,
                0.0
            ],
            [
                0.14750075340270997,
                0.058986764401197436,
                0.9873014092445374,
                0.0
            ],
            [
                -857.6580200195313,
                -514.3836059570313,
                17.374988555908204,
                1.0
            ]
        ]
    },
    {
        "ID": 8,
        "Name": "CAVEFACADE",
        "Type": 57,
        "Scale": 1.0,
        "Transform": [
            [
                -0.39839494228363039,
                0.8987646102905273,
                0.18303988873958589,
                0.0
            ],
            [
                -0.91420978307724,
                -0.40524131059646609,
                0.0,
                0.0
            ],
            [
                0.07417532056570053,
                -0.1673368513584137,
                0.983105480670929,
                0.0
            ],
            [
                56.54154968261719,
                -2017.516845703125,
                15.749990463256836,
                1.0
            ]
        ]
    },
    {
        "ID": 9,
        "Name": "CAVEFACADE",
        "Type": 57,
        "Scale": 1.0,
        "Transform": [
            [
                0.3484186828136444,
                0.9373390078544617,
                -0.0,
                0.0
            ],
            [
                -0.9373390078544617,
                0.3484186828136444,
                0.0,
                0.0
            ],
            [
                0.0,
                0.0,
                1.0,
                0.0
            ],
            [
                -1900.5135498046876,
                -2087.48583984375,
                -177.56077575683595,
                1.0
            ]
        ]
    }
]