[
    {
        "ID": 1,
        "Name": "OBJ_SWITCH_WEB_",
        "Type": 58,
        "Scale": 0.75,
        "Transform": [
            [
                0.0,
                -1.0,
                -0.0,
                0.0
            ],
            [
                1.0,
                0.0,
                0.0,
                0.0
            ],
            [
                0.0,
                -0.0,
                1.0,
                0.0
            ],
            [
                254.03836059570313,
                471.7975769042969,
                161.0071258544922,
                1.0
            ]
        ]
    },
    {
        "ID": 2,
        "Name": "OBJ_SWITCH_WEB_",
        "Type": 58,
        "Scale": 0.75,
        "Transform": [
            [
                -0.1709618866443634,
                -0.9852776527404785,
                -0.0,
                0.0
            ],
            [
                0.9852776527404785,
                -0.1709618866443634,
                0.0,
                0.0
            ],
            [
                -0.0,
                0.0,
                1.0,
                0.0
            ],
            [
                785.47509765625,
                1026.1590576171876,
                324.16632080078127,
                1.0
            ]
        ]
    },
    {
        "ID": 3,
        "Name": "OBJ_SWITCH_ROCKWALL_",
        "Type": 58,
        "Scale": 1.0,
        "Transform": [
            [
                -0.290284663438797,
                -0.9569403529167175,
                -0.0,
                0.0
            ],
            [
                0.9569403529167175,
                -0.290284663438797,
                0.0,
                0.0
            ],
            [
                -0.0,
                0.0,
                1.0,
                0.0
            ],
            [
                169.63436889648438,
                1368.2099609375,
                266.8611145019531,
                1.0
            ]
        ]
    },
    {
        "ID": 4,
        "Name": "OBJ_SWITCH_WEB_",
        "Type": 58,
        "Scale": 0.32999998331069949,
        "Transform": [
            [
                -0.24298018217086793,
                0.9700312614440918,
                -0.0,
                0.0
            ],
            [
                -0.9700312614440918,
                -0.24298018217086793,
                0.0,
                0.0
            ],
            [
                0.0,
                0.0,
                1.0,
                0.0
            ],
            [
                283.9272155761719,
                1108.2373046875,
                451.5938415527344,
                1.0
            ]
        ]
    },
    {
        "ID": 5,
        "Name": "OBJ_GATESWITCH",
        "Type": 58,
        "Scale": 1.0,
        "Transform": [
            [
                -0.03680722415447235,
                0.9993223547935486,
                -0.0,
                0.0
            ],
            [
                -0.9993223547935486,
                -0.03680722415447235,
                0.0,
                0.0
            ],
            [
                0.0,
                0.0,
                1.0,
                0.0
            ],
            [
                -232.23849487304688,
                -8.78952693939209,
                -114.14137268066406,
                1.0
            ]
        ]
    },
    {
        "ID": 13,
        "Name": "OBP_WEBWHOLE_HIVE_",
        "Type": 55,
        "Scale": 1.75,
        "Transform": [
            [
                0.903989315032959,
                0.4275550842285156,
                -0.0,
                0.0
            ],
            [
                -0.4275550842285156,
                0.903989315032959,
                0.0,
                0.0
            ],
            [
                0.0,
                0.0,
                1.0,
                0.0
            ],
            [
                -183.90476989746095,
                556.6218872070313,
                6.304530143737793,
                1.0
            ]
        ]
    },
    {
        "ID": 14,
        "Name": "OBP_WEBWHOLE_HIVE_",
        "Type": 55,
        "Scale": 2.1999998092651369,
        "Transform": [
            [
                -0.815493106842041,
                0.5448950529098511,
                0.19509032368659974,
                0.0
            ],
            [
                -0.5555702447891235,
                -0.8314695954322815,
                0.0,
                0.0
            ],
            [
                0.16221167147159577,
                -0.10838637501001358,
                0.9807852506637573,
                0.0
            ],
            [
                -113.24300384521485,
                1057.0797119140626,
                220.38259887695313,
                1.0
            ]
        ]
    },
    {
        "ID": 15,
        "Name": "OBP_WEBWHOLE_HIVE_",
        "Type": 55,
        "Scale": 2.0,
        "Transform": [
            [
                0.24298018217086793,
                -0.9700312614440918,
                -0.0,
                0.0
            ],
            [
                0.9700312614440918,
                0.24298018217086793,
                0.0,
                0.0
            ],
            [
                0.0,
                -0.0,
                1.0,
                0.0
            ],
            [
                115.94621276855469,
                1058.76318359375,
                291.6946105957031,
                1.0
            ]
        ]
    },
    {
        "ID": 16,
        "Name": "OBP_WEBWHOLE_HIVE_",
        "Type": 55,
        "Scale": 2.0999999046325685,
        "Transform": [
            [
                -0.5555702447891235,
                0.8314695954322815,
                -0.0,
                0.0
            ],
            [
                -0.8314695954322815,
                -0.5555702447891235,
                0.0,
                0.0
            ],
            [
                0.0,
                0.0,
                1.0,
                0.0
            ],
            [
                -119.23091888427735,
                717.9131469726563,
                53.2605094909668,
                1.0
            ]
        ]
    },
    {
        "ID": 17,
        "Name": "OBP_WEBWHOLE_HIVE_",
        "Type": 55,
        "Scale": 1.7999999523162842,
        "Transform": [
            [
                0.9891210198402405,
                0.10969144850969315,
                -0.0980171412229538,
                0.0
            ],
            [
                -0.11022220551967621,
                0.9939069747924805,
                0.0,
                0.0
            ],
            [
                0.09741991758346558,
                0.010803665034472943,
                0.9951847195625305,
                0.0
            ],
            [
                -417.6513977050781,
                643.9014282226563,
                12.31148910522461,
                1.0
            ]
        ]
    }
]