[
    {
        "ID": 1,
        "Name": "OBJ_MILLBLADES",
        "Type": 157,
        "Scale": 1.0,
        "Transform": [
            [
                0.9807852506637573,
                -0.0,
                -0.19509032368659974,
                0.0
            ],
            [
                -0.0,
                -1.0,
                -0.0,
                0.0
            ],
            [
                -0.19509032368659974,
                0.0,
                -0.9807852506637573,
                0.0
            ],
            [
                2996.25341796875,
                360.4115295410156,
                212.97824096679688,
                1.0
            ]
        ]
    },
    {
        "ID": 3,
        "Name": "OBJ_MILLBLADES",
        "Type": 157,
        "Scale": 1.0,
        "Transform": [
            [
                -0.2416907399892807,
                0.26666462421417239,
                0.9329928159713745,
                0.0
            ],
            [
                0.7409511208534241,
                0.6715589761734009,
                -0.0,
                0.0
            ],
            [
                -0.6265596747398377,
                0.6913020610809326,
                -0.3598950505256653,
                0.0
            ],
            [
                866.9287719726563,
                -524.3314819335938,
                205.5957489013672,
                1.0
            ]
        ]
    },
    {
        "ID": 2,
        "Name": "OBJ_DOOR_HUT",
        "Type": 1,
        "Scale": 1.0,
        "Transform": [
            [
                -1.0,
                0.0,
                -0.0,
                0.0
            ],
            [
                -0.0,
                -1.0,
                0.0,
                0.0
            ],
            [
                0.0,
                0.0,
                1.0,
                0.0
            ],
            [
                2642.39404296875,
                -2561.149169921875,
                -0.7049999833106995,
                1.0
            ]
        ]
    },
    {
        "ID": 4,
        "Name": "OBJ_KAR_DOOR",
        "Type": 0,
        "Scale": 1.0,
        "Transform": [
            [
                0.0,
                -1.0,
                -0.0,
                0.0
            ],
            [
                1.0,
                0.0,
                0.0,
                0.0
            ],
            [
                0.0,
                -0.0,
                1.0,
                0.0
            ],
            [
                2219.22900390625,
                2353.72900390625,
                33.074119567871097,
                1.0
            ]
        ]
    },
    {
        "ID": 5,
        "Name": "OBJ_KAR_DOOR",
        "Type": 57,
        "Scale": 1.0,
        "Transform": [
            [
                -0.012271538376808167,
                -0.9999247193336487,
                -0.0,
                0.0
            ],
            [
                0.9999247193336487,
                -0.012271538376808167,
                0.0,
                0.0
            ],
            [
                -0.0,
                0.0,
                1.0,
                0.0
            ],
            [
                2430.18505859375,
                2353.808837890625,
                33.66753387451172,
                1.0
            ]
        ]
    },
    {
        "ID": 6,
        "Name": "OBJ_LAUNCHER_SWITCHPAD",
        "Type": 57,
        "Scale": 1.0,
        "Transform": [
            [
                -0.11022220551967621,
                -0.9939069747924805,
                -0.0,
                0.0
            ],
            [
                0.9939069747924805,
                -0.11022220551967621,
                0.0,
                0.0
            ],
            [
                -0.0,
                0.0,
                1.0,
                0.0
            ],
            [
                3732.486083984375,
                -2385.35400390625,
                71.18225860595703,
                1.0
            ]
        ]
    },
    {
        "ID": 7,
        "Name": "OBJ_FAL_DOORWHEEL",
        "Type": 57,
        "Scale": 1.0,
        "Transform": [
            [
                -1.0,
                0.0,
                -0.0,
                0.0
            ],
            [
                -0.0,
                -1.0,
                0.0,
                0.0
            ],
            [
                0.0,
                0.0,
                1.0,
                0.0
            ],
            [
                4015.43212890625,
                2066.4130859375,
                106.56689453125,
                1.0
            ]
        ]
    },
    {
        "ID": 9,
        "Name": "OBJ_PIERC",
        "Type": 55,
        "Scale": 1.0,
        "Transform": [
            [
                1.0,
                0.0,
                -0.0,
                0.0
            ],
            [
                0.0,
                1.0,
                0.0,
                0.0
            ],
            [
                0.0,
                0.0,
                1.0,
                0.0
            ],
            [
                -3470.489501953125,
                1170.5,
                4.079999923706055,
                1.0
            ]
        ]
    }
]