[
    {
        "ID": 0,
        "Name": "EMELVTOR301",
        "Type": 59,
        "Scale": 1.0,
        "Transform": [
            [
                1.0,
                0.0,
                -0.0,
                0.0
            ],
            [
                0.0,
                1.0,
                0.0,
                0.0
            ],
            [
                0.0,
                0.0,
                1.0,
                0.0
            ],
            [
                -1306.4293212890626,
                275.05828857421877,
                -42.24798583984375,
                1.0
            ]
        ]
    },
    {
        "ID": 1,
        "Name": "EMELVTOR303",
        "Type": 40,
        "Scale": 1.0,
        "Transform": [
            [
                0.6715589761734009,
                -0.0,
                -0.7409511208534241,
                0.0
            ],
            [
                -0.0,
                -1.0,
                -0.0,
                0.0
            ],
            [
                -0.7409511208534241,
                0.0,
                -0.6715589761734009,
                0.0
            ],
            [
                -1276.1632080078126,
                280.7510070800781,
                1.7519999742507935,
                1.0
            ]
        ]
    },
    {
        "ID": 2,
        "Name": "EMELVTOR303",
        "Type": 40,
        "Scale": 1.0,
        "Transform": [
            [
                0.0,
                -0.7572088241577148,
                0.6531728506088257,
                0.0
            ],
            [
                1.0,
                0.0,
                0.0,
                0.0
            ],
            [
                -0.0,
                0.6531728506088257,
                0.7572088241577148,
                0.0
            ],
            [
                -1275.231201171875,
                281.1328125,
                -37.14162826538086,
                1.0
            ]
        ]
    },
    {
        "ID": 3,
        "Name": "ESDOORS301",
        "Type": 16,
        "Scale": 1.0,
        "Transform": [
            [
                0.0,
                1.0,
                -0.0,
                0.0
            ],
            [
                -1.0,
                0.0,
                0.0,
                0.0
            ],
            [
                0.0,
                0.0,
                1.0,
                0.0
            ],
            [
                656.2691040039063,
                -366.91064453125,
                -39.02424621582031,
                1.0
            ]
        ]
    },
    {
        "ID": 4,
        "Name": "ESDOORS301",
        "Type": 16,
        "Scale": 1.0,
        "Transform": [
            [
                0.0,
                -1.0,
                -0.0,
                0.0
            ],
            [
                1.0,
                0.0,
                0.0,
                0.0
            ],
            [
                0.0,
                -0.0,
                1.0,
                0.0
            ],
            [
                625.6456298828125,
                -366.9313659667969,
                -39.02797317504883,
                1.0
            ]
        ]
    },
    {
        "ID": 5,
        "Name": "EROCKS308",
        "Type": 27,
        "Scale": 1.0,
        "Transform": [
            [
                -1.0,
                0.0,
                -0.0,
                0.0
            ],
            [
                -0.0,
                -1.0,
                0.0,
                0.0
            ],
            [
                0.0,
                0.0,
                1.0,
                0.0
            ],
            [
                981.4537963867188,
                -758.0971069335938,
                -19.90728759765625,
                1.0
            ]
        ]
    },
    {
        "ID": 6,
        "Name": "EROCKS309",
        "Type": 77,
        "Scale": 1.0,
        "Transform": [
            [
                -0.10904794931411743,
                0.9891883134841919,
                -0.0980171412229538,
                0.0
            ],
            [
                -0.9939746260643005,
                -0.10957559198141098,
                0.0,
                0.0
            ],
            [
                -0.010740285739302636,
                0.09742654860019684,
                0.9951847195625305,
                0.0
            ],
            [
                951.4921875,
                -710.7783203125,
                -26.401885986328126,
                1.0
            ]
        ]
    },
    {
        "ID": 14,
        "Name": "EROCKS302",
        "Type": 57,
        "Scale": 1.0,
        "Transform": [
            [
                -1.0,
                0.0,
                -0.0,
                0.0
            ],
            [
                -0.0,
                -1.0,
                0.0,
                0.0
            ],
            [
                0.0,
                0.0,
                1.0,
                0.0
            ],
            [
                1156.266845703125,
                1033.0035400390626,
                -128.821044921875,
                1.0
            ]
        ]
    },
    {
        "ID": 15,
        "Name": "EROCKS302",
        "Type": 57,
        "Scale": 1.0,
        "Transform": [
            [
                -0.01144951581954956,
                0.9999297261238098,
                -0.0,
                0.0
            ],
            [
                -0.9999297261238098,
                -0.01144951581954956,
                0.0,
                0.0
            ],
            [
                0.0,
                0.0,
                1.0,
                0.0
            ],
            [
                1139.5615234375,
                1035.9527587890626,
                -128.298828125,
                1.0
            ]
        ]
    },
    {
        "ID": 16,
        "Name": "EROCKS302",
        "Type": 57,
        "Scale": 1.0,
        "Transform": [
            [
                -0.9952377676963806,
                -0.06375496089458466,
                0.0735645666718483,
                0.0
            ],
            [
                -0.06392817944288254,
                0.997941792011261,
                -0.0,
                0.0
            ],
            [
                -0.07341314852237702,
                -0.004702848382294178,
                -0.9972904324531555,
                0.0
            ],
            [
                1132.4556884765626,
                1035.21142578125,
                -124.74758911132813,
                1.0
            ]
        ]
    },
    {
        "ID": 17,
        "Name": "EROCKS302",
        "Type": 57,
        "Scale": 1.0,
        "Transform": [
            [
                0.9942556023597717,
                -0.10689158737659455,
                -0.0,
                0.0
            ],
            [
                0.10689158737659455,
                0.9942556023597717,
                0.0,
                0.0
            ],
            [
                0.0,
                -0.0,
                1.0,
                0.0
            ],
            [
                1147.7841796875,
                1036.351318359375,
                -128.63409423828126,
                1.0
            ]
        ]
    },
    {
        "ID": 18,
        "Name": "EROCKS302",
        "Type": 57,
        "Scale": 1.0,
        "Transform": [
            [
                0.9942556023597717,
                -0.10689158737659455,
                -0.0,
                0.0
            ],
            [
                0.10689158737659455,
                0.9942556023597717,
                0.0,
                0.0
            ],
            [
                0.0,
                -0.0,
                1.0,
                0.0
            ],
            [
                1162.242919921875,
                1034.152587890625,
                -128.7128448486328,
                1.0
            ]
        ]
    },
    {
        "ID": 19,
        "Name": "EROCKS302",
        "Type": 57,
        "Scale": 1.0,
        "Transform": [
            [
                0.0,
                1.0,
                -0.0,
                0.0
            ],
            [
                -1.0,
                0.0,
                0.0,
                0.0
            ],
            [
                0.0,
                0.0,
                1.0,
                0.0
            ],
            [
                1154.5479736328126,
                1035.00341796875,
                -129.37872314453126,
                1.0
            ]
        ]
    },
    {
        "ID": 21,
        "Name": "EROCKS309",
        "Type": 77,
        "Scale": 1.0,
        "Transform": [
            [
                0.0,
                1.0,
                -0.0,
                0.0
            ],
            [
                -1.0,
                0.0,
                0.0,
                0.0
            ],
            [
                0.0,
                0.0,
                1.0,
                0.0
            ],
            [
                997.16064453125,
                -756.0667114257813,
                -26.847976684570314,
                1.0
            ]
        ]
    }
]