[
    {
        "ID": 63,
        "Name": "CRATEG",
        "Type": 53,
        "Scale": 1.0
    },
    {
        "ID": 62,
        "Name": "CRATEG",
        "Type": 53,
        "Scale": 1.0
    },
    {
        "ID": 61,
        "Name": "ICROCK203C",
        "Type": 0,
        "Scale": 1.0,
        "Transform": [
            [
                -0.08368184417486191,
                0.31435897946357729,
                -0.9456073045730591,
                0.0
            ],
            [
                0.9663358330726624,
                0.2572370171546936,
                -0.0,
                0.0
            ],
            [
                0.2432451993227005,
                -0.9137741923332214,
                -0.32531028985977175,
                0.0
            ],
            [
                4028.09033203125,
                2438.34716796875,
                -73.39726257324219,
                1.0
            ]
        ]
    },
    {
        "ID": 60,
        "Name": "ICROCK205C",
        "Type": 58,
        "Scale": 1.0,
        "Transform": [
            [
                -0.14206454157829286,
                0.3674861490726471,
                -0.9191138744354248,
                0.0
            ],
            [
                -0.9327248334884644,
                -0.36057719588279726,
                0.0,
                0.0
            ],
            [
                -0.3314114809036255,
                0.8572803139686585,
                0.39399203658103945,
                0.0
            ],
            [
                3991.81591796875,
                2397.435546875,
                -78.55420684814453,
                1.0
            ]
        ]
    },
    {
        "ID": 59,
        "Name": "ICROCK205C",
        "Type": 58,
        "Scale": 1.0,
        "Transform": [
            [
                -0.9234030246734619,
                -0.3838140070438385,
                -0.0,
                0.0
            ],
            [
                0.3838140070438385,
                -0.9234030246734619,
                0.0,
                0.0
            ],
            [
                -0.0,
                0.0,
                1.0,
                0.0
            ],
            [
                -765.5748901367188,
                -8368.9541015625,
                -40.66656494140625,
                1.0
            ]
        ]
    },
    {
        "ID": 58,
        "Name": "ICROCK203C",
        "Type": 58,
        "Scale": 1.0,
        "Transform": [
            [
                -0.018240008503198625,
                0.016418149694800378,
                0.99969881772995,
                0.0
            ],
            [
                0.6690027713775635,
                0.7432394623756409,
                -0.0,
                0.0
            ],
            [
                -0.7430155873298645,
                0.6688012480735779,
                -0.024541229009628297,
                0.0
            ],
            [
                3511.685302734375,
                -2682.20849609375,
                -40.21429443359375,
                1.0
            ]
        ]
    },
    {
        "ID": 57,
        "Name": "ICROCK205C",
        "Type": 58,
        "Scale": 1.0,
        "Transform": [
            [
                -0.1672549843788147,
                0.035408150404691699,
                -0.9852776527404785,
                0.0
            ],
            [
                -0.20711137354373933,
                -0.978317379951477,
                0.0,
                0.0
            ],
            [
                -0.9639142155647278,
                0.20406219363212586,
                0.1709618866443634,
                0.0
            ],
            [
                3561.874755859375,
                -2714.5380859375,
                -37.47762680053711,
                1.0
            ]
        ]
    },
    {
        "ID": 56,
        "Name": "ICROCK205C",
        "Type": 58,
        "Scale": 1.0,
        "Transform": [
            [
                0.1409461945295334,
                0.1167757585644722,
                0.983105480670929,
                0.0
            ],
            [
                0.6379798650741577,
                -0.7700299620628357,
                -0.0,
                0.0
            ],
            [
                0.7570206522941589,
                0.627201497554779,
                -0.18303988873958589,
                0.0
            ],
            [
                3609.309326171875,
                -2733.214599609375,
                -42.59120559692383,
                1.0
            ]
        ]
    },
    {
        "ID": 53,
        "Name": "ICROCK203C",
        "Type": 58,
        "Scale": 1.0,
        "Transform": [
            [
                -0.3728495240211487,
                -0.15874440968036652,
                -0.91420978307724,
                0.0
            ],
            [
                0.39172810316085818,
                -0.9200679063796997,
                0.0,
                0.0
            ],
            [
                -0.8411350250244141,
                -0.3581216633319855,
                0.40524131059646609,
                0.0
            ],
            [
                129.9876708984375,
                -6436.11279296875,
                -37.8330078125,
                1.0
            ]
        ]
    },
    {
        "ID": 52,
        "Name": "ICROCK205C",
        "Type": 58,
        "Scale": 1.0,
        "Transform": [
            [
                -0.16792921721935273,
                -0.07281649112701416,
                0.983105480670929,
                0.0
            ],
            [
                -0.3978176414966583,
                0.9174460768699646,
                -0.0,
                0.0
            ],
            [
                -0.9019462466239929,
                -0.39109668135643008,
                -0.18303988873958589,
                0.0
            ],
            [
                -832.4428100585938,
                -8442.8642578125,
                -42.209476470947269,
                1.0
            ]
        ]
    },
    {
        "ID": 51,
        "Name": "ICROCK203C",
        "Type": 58,
        "Scale": 1.0,
        "Transform": [
            [
                0.12906113266944886,
                0.06980166584253311,
                -0.9891765117645264,
                0.0
            ],
            [
                -0.4757135510444641,
                0.8795797228813171,
                0.0,
                0.0
            ],
            [
                0.8700595498085022,
                0.47056466341018679,
                0.1467304676771164,
                0.0
            ],
            [
                -802.0087280273438,
                -8436.58984375,
                -41.313438415527347,
                1.0
            ]
        ]
    },
    {
        "ID": 50,
        "Name": "ICROCK205C",
        "Type": 58,
        "Scale": 1.0,
        "Transform": [
            [
                -0.04322032257914543,
                -0.07411585003137589,
                -0.9963126182556152,
                0.0
            ],
            [
                0.8638482093811035,
                -0.5037491917610169,
                0.0,
                0.0
            ],
            [
                -0.5018916726112366,
                -0.8606628179550171,
                0.08579730987548828,
                0.0
            ],
            [
                -760.5634155273438,
                -8399.373046875,
                -36.07396697998047,
                1.0
            ]
        ]
    },
    {
        "ID": 49,
        "Name": "ICROCK205C",
        "Type": 58,
        "Scale": 1.0,
        "Transform": [
            [
                -0.9592435359954834,
                -0.2825208008289337,
                -0.0,
                0.0
            ],
            [
                0.2825208008289337,
                -0.9592435359954834,
                0.0,
                0.0
            ],
            [
                -0.0,
                0.0,
                1.0,
                0.0
            ],
            [
                -2446.521728515625,
                -6983.96875,
                -42.595115661621097,
                1.0
            ]
        ]
    },
    {
        "ID": 48,
        "Name": "ICROCK203C",
        "Type": 58,
        "Scale": 1.0,
        "Transform": [
            [
                -0.9184563755989075,
                -0.3672982454299927,
                -0.1467304676771164,
                0.0
            ],
            [
                -0.37131720781326296,
                0.928506076335907,
                -0.0,
                0.0
            ],
            [
                0.1362401247024536,
                0.05448354408144951,
                -0.9891765117645264,
                0.0
            ],
            [
                -2460.790283203125,
                -6989.3154296875,
                17.46439552307129,
                1.0
            ]
        ]
    },
    {
        "ID": 47,
        "Name": "ICROCK203C",
        "Type": 58,
        "Scale": 1.0,
        "Transform": [
            [
                -0.2619739770889282,
                -0.9650561809539795,
                -0.0,
                0.0
            ],
            [
                0.9650561809539795,
                -0.2619739770889282,
                0.0,
                0.0
            ],
            [
                -0.0,
                0.0,
                1.0,
                0.0
            ],
            [
                -2443.239501953125,
                -7003.41796875,
                -31.5455379486084,
                1.0
            ]
        ]
    },
    {
        "ID": 46,
        "Name": "ICROCK203C",
        "Type": 58,
        "Scale": 1.0,
        "Transform": [
            [
                -0.2547432482242584,
                -0.07898663729429245,
                -0.9637760519981384,
                0.0
            ],
            [
                -0.29614871740341189,
                0.9551221132278442,
                -0.0,
                0.0
            ],
            [
                0.9205237627029419,
                0.2854210138320923,
                -0.2667127549648285,
                0.0
            ],
            [
                1934.3360595703126,
                -2073.64404296875,
                -33.203033447265628,
                1.0
            ]
        ]
    },
    {
        "ID": 44,
        "Name": "ICROCK202A",
        "Type": 58,
        "Scale": 1.0,
        "Transform": [
            [
                0.24232180416584016,
                0.01787473075091839,
                -0.9700312614440918,
                0.0
            ],
            [
                -0.0735645666718483,
                0.9972904324531555,
                0.0,
                0.0
            ],
            [
                0.9674028754234314,
                0.07135992497205734,
                0.24298018217086793,
                0.0
            ],
            [
                1019.64892578125,
                5543.46337890625,
                110.2269058227539,
                1.0
            ]
        ]
    },
    {
        "ID": 43,
        "Name": "ICROCK202A",
        "Type": 58,
        "Scale": 1.0,
        "Transform": [
            [
                0.04588170349597931,
                -0.9989323616027832,
                -0.0,
                0.0
            ],
            [
                0.9989323616027832,
                0.04588170349597931,
                0.0,
                0.0
            ],
            [
                0.0,
                -0.0,
                1.0,
                0.0
            ],
            [
                1072.1844482421876,
                5545.08837890625,
                101.8471908569336,
                1.0
            ]
        ]
    },
    {
        "ID": 42,
        "Name": "ICROCK202A",
        "Type": 58,
        "Scale": 1.0,
        "Transform": [
            [
                -0.06131972000002861,
                0.00016536714974790812,
                -0.9981181025505066,
                0.0
            ],
            [
                -0.00269675743766129,
                -0.9999834299087524,
                0.0,
                0.0
            ],
            [
                -0.998101532459259,
                0.002691682195290923,
                0.06132073700428009,
                0.0
            ],
            [
                1118.1995849609376,
                5545.09375,
                98.33590698242188,
                1.0
            ]
        ]
    },
    {
        "ID": 40,
        "Name": "ICROCK205C",
        "Type": 58,
        "Scale": 1.0,
        "Transform": [
            [
                -0.009292125701904297,
                0.008015424013137818,
                -0.9999247193336487,
                0.0
            ],
            [
                0.653171956539154,
                0.7572095394134522,
                -0.0,
                0.0
            ],
            [
                0.7571524977684021,
                -0.6531227827072144,
                -0.012271538376808167,
                0.0
            ],
            [
                3583.838623046875,
                77.4111557006836,
                -42.27197265625,
                1.0
            ]
        ]
    },
    {
        "ID": 39,
        "Name": "ICROCK202C",
        "Type": 58,
        "Scale": 1.0,
        "Transform": [
            [
                -0.0,
                0.0,
                1.0,
                0.0
            ],
            [
                -0.3874323070049286,
                -0.9218782186508179,
                0.0,
                0.0
            ],
            [
                0.9218782186508179,
                -0.3874323070049286,
                0.0,
                0.0
            ],
            [
                -1873.375,
                -5616.529296875,
                -38.118167877197269,
                1.0
            ]
        ]
    },
    {
        "ID": 38,
        "Name": "ICROCK203C",
        "Type": 58,
        "Scale": 1.0,
        "Transform": [
            [
                0.1588461846113205,
                0.0019494338193908334,
                0.9873014092445374,
                0.0
            ],
            [
                -0.012271538376808167,
                0.9999247193336487,
                0.0,
                0.0
            ],
            [
                -0.9872270822525024,
                -0.01211570668965578,
                0.15885815024375916,
                0.0
            ],
            [
                -1920.693115234375,
                -5600.1455078125,
                -38.246116638183597,
                1.0
            ]
        ]
    },
    {
        "ID": 37,
        "Name": "ICROCK202C",
        "Type": 58,
        "Scale": 1.0,
        "Transform": [
            [
                0.1360907256603241,
                -0.05485055595636368,
                0.9891765117645264,
                0.0
            ],
            [
                0.37381845712661745,
                0.9274879097938538,
                0.0,
                0.0
            ],
            [
                -0.9174492359161377,
                0.36977243423461916,
                0.1467304676771164,
                0.0
            ],
            [
                -1964.520751953125,
                -5609.57080078125,
                -43.899959564208987,
                1.0
            ]
        ]
    },
    {
        "ID": 36,
        "Name": "ICROCK202C",
        "Type": 58,
        "Scale": 1.0,
        "Transform": [
            [
                -0.053136713802814487,
                -0.03060365654528141,
                -0.9981181025505066,
                0.0
            ],
            [
                0.49907517433166506,
                -0.8665374517440796,
                0.0,
                0.0
            ],
            [
                -0.8649066686630249,
                -0.4981359541416168,
                0.06132073700428009,
                0.0
            ],
            [
                64.66343688964844,
                -6504.89892578125,
                -46.63367462158203,
                1.0
            ]
        ]
    },
    {
        "ID": 35,
        "Name": "ICROCK202C",
        "Type": 58,
        "Scale": 1.0,
        "Transform": [
            [
                -0.0977974385023117,
                -0.07361713796854019,
                0.9924795627593994,
                0.0
            ],
            [
                -0.601394772529602,
                0.7989290356636047,
                -0.0,
                0.0
            ],
            [
                -0.792920708656311,
                -0.5968719720840454,
                -0.12241067737340927,
                0.0
            ],
            [
                108.5811767578125,
                -6495.16259765625,
                -39.693912506103519,
                1.0
            ]
        ]
    },
    {
        "ID": 34,
        "Name": "ICROCK202C",
        "Type": 58,
        "Scale": 1.0,
        "Transform": [
            [
                -0.14663101732730866,
                -0.0054009053856134419,
                0.9891765117645264,
                0.0
            ],
            [
                0.03680834546685219,
                -0.9993222951889038,
                0.0,
                0.0
            ],
            [
                0.9885061383247376,
                0.03640994802117348,
                0.1467304676771164,
                0.0
            ],
            [
                141.76727294921876,
                -6467.24951171875,
                -41.349647521972659,
                1.0
            ]
        ]
    },
    {
        "ID": 32,
        "Name": "ICROCK203C",
        "Type": 58,
        "Scale": 1.0,
        "Transform": [
            [
                0.05520081892609596,
                -0.1227361410856247,
                -0.9909026622772217,
                0.0
            ],
            [
                0.9119892120361328,
                0.41016891598701479,
                0.0,
                0.0
            ],
            [
                0.4064374566078186,
                -0.9036924839019775,
                0.13458070158958436,
                0.0
            ],
            [
                7050.8779296875,
                483.47552490234377,
                -45.87671661376953,
                1.0
            ]
        ]
    },
    {
        "ID": 31,
        "Name": "ICROCK202C",
        "Type": 58,
        "Scale": 1.0,
        "Transform": [
            [
                0.04734690859913826,
                -0.2744642198085785,
                0.9604305028915405,
                0.0
            ],
            [
                0.9854393005371094,
                0.16999484598636628,
                0.0,
                0.0
            ],
            [
                -0.16326822340488435,
                0.9464459419250488,
                0.2785196900367737,
                0.0
            ],
            [
                7035.88330078125,
                516.6314697265625,
                -38.90224075317383,
                1.0
            ]
        ]
    },
    {
        "ID": 30,
        "Name": "ICROCK205C",
        "Type": 58,
        "Scale": 1.0,
        "Transform": [
            [
                -0.027650848031044008,
                0.024293268099427224,
                -0.9993223547935486,
                0.0
            ],
            [
                0.6600136160850525,
                0.7512342929840088,
                -0.0,
                0.0
            ],
            [
                0.7507252097129822,
                -0.659566342830658,
                -0.03680722415447235,
                0.0
            ],
            [
                6998.451171875,
                582.1878662109375,
                -33.75525665283203,
                1.0
            ]
        ]
    },
    {
        "ID": 29,
        "Name": "ICROCK205C",
        "Type": 58,
        "Scale": 1.0,
        "Transform": [
            [
                -0.304281085729599,
                0.07621844857931137,
                -0.949528157711029,
                0.0
            ],
            [
                -0.24298018217086793,
                -0.9700312614440918,
                0.0,
                0.0
            ],
            [
                -0.9210719466209412,
                0.2307165116071701,
                0.3136817514896393,
                0.0
            ],
            [
                5712.01025390625,
                -1955.4534912109376,
                -41.00688171386719,
                1.0
            ]
        ]
    },
    {
        "ID": 26,
        "Name": "ICROCK202C",
        "Type": 58,
        "Scale": 1.0,
        "Transform": [
            [
                -0.01050846092402935,
                0.0063371118158102039,
                -0.9999247193336487,
                0.0
            ],
            [
                0.516407310962677,
                0.8563279509544373,
                -0.0,
                0.0
            ],
            [
                0.8562634587287903,
                -0.5163683891296387,
                -0.012271538376808167,
                0.0
            ],
            [
                5750.8955078125,
                -1991.9281005859376,
                -37.68452072143555,
                1.0
            ]
        ]
    },
    {
        "ID": 25,
        "Name": "ICROCK202C",
        "Type": 58,
        "Scale": 1.0,
        "Transform": [
            [
                -0.12834902107715608,
                0.17757216095924378,
                0.9757021069526672,
                0.0
            ],
            [
                0.810457170009613,
                0.5857978463172913,
                -0.0,
                0.0
            ],
            [
                -0.5715641379356384,
                0.7907647490501404,
                -0.21910123527050019,
                0.0
            ],
            [
                5793.57421875,
                -2008.401611328125,
                -39.544517517089847,
                1.0
            ]
        ]
    },
    {
        "ID": 24,
        "Name": "ICROCK202C",
        "Type": 58,
        "Scale": 1.0,
        "Transform": [
            [
                0.0,
                0.0,
                1.0,
                0.0
            ],
            [
                -0.4474129378795624,
                0.8943139910697937,
                0.0,
                0.0
            ],
            [
                -0.8943139910697937,
                -0.4474129378795624,
                0.0,
                0.0
            ],
            [
                1855.24853515625,
                -2155.722412109375,
                -36.59746551513672,
                1.0
            ]
        ]
    },
    {
        "ID": 23,
        "Name": "ICROCK203C",
        "Type": 58,
        "Scale": 1.0,
        "Transform": [
            [
                0.04231959581375122,
                0.024831878021359445,
                0.9987954497337341,
                0.0
            ],
            [
                -0.506074070930481,
                0.8624740242958069,
                0.0,
                0.0
            ],
            [
                -0.8614351153373718,
                -0.5054644346237183,
                0.049067676067352298,
                0.0
            ],
            [
                1894.782958984375,
                -2147.99462890625,
                -30.489158630371095,
                1.0
            ]
        ]
    },
    {
        "ID": 21,
        "Name": "ICROCK203C",
        "Type": 58,
        "Scale": 1.0,
        "Transform": [
            [
                -0.009636862203478814,
                -0.00759710930287838,
                -0.9999247193336487,
                0.0
            ],
            [
                -0.6190837025642395,
                0.785301923751831,
                -0.0,
                0.0
            ],
            [
                0.7852427959442139,
                0.6190370917320252,
                -0.012271538376808167,
                0.0
            ],
            [
                1914.208251953125,
                -2131.399169921875,
                -32.692447662353519,
                1.0
            ]
        ]
    },
    {
        "ID": 20,
        "Name": "ICROCK202C",
        "Type": 58,
        "Scale": 1.0,
        "Transform": [
            [
                -0.5555233359336853,
                0.007090218365192413,
                -0.8314695954322815,
                0.0
            ],
            [
                -0.012762055732309819,
                -0.9999156594276428,
                0.0,
                0.0
            ],
            [
                -0.8313994407653809,
                0.010611261241137982,
                0.5555702447891235,
                0.0
            ],
            [
                1952.2203369140626,
                -2102.954833984375,
                -28.271730422973634,
                1.0
            ]
        ]
    },
    {
        "ID": 18,
        "Name": "ICROCK202C",
        "Type": 58,
        "Scale": 1.0,
        "Transform": [
            [
                0.26997774839401247,
                -0.22023676335811616,
                -0.9373390078544617,
                0.0
            ],
            [
                0.6321038007736206,
                0.7748659253120422,
                0.0,
                0.0
            ],
            [
                0.7263120412826538,
                -0.5924955010414124,
                0.3484186828136444,
                0.0
            ],
            [
                1803.6949462890626,
                -1131.745849609375,
                -7.657532215118408,
                1.0
            ]
        ]
    },
    {
        "ID": 16,
        "Name": "ICROCK202C",
        "Type": 58,
        "Scale": 1.0,
        "Transform": [
            [
                0.20057326555252076,
                -0.20984241366386414,
                -0.9569403529167175,
                0.0
            ],
            [
                0.7228849530220032,
                0.6909537315368652,
                0.0,
                0.0
            ],
            [
                0.6612014770507813,
                -0.6917577385902405,
                0.290284663438797,
                0.0
            ],
            [
                1771.713134765625,
                -1094.0484619140626,
                -30.33842658996582,
                1.0
            ]
        ]
    },
    {
        "ID": 15,
        "Name": "ICROCK205C",
        "Type": 58,
        "Scale": 1.0,
        "Transform": [
            [
                -0.2633047103881836,
                -0.32261380553245547,
                0.909168004989624,
                0.0
            ],
            [
                0.7747140526771545,
                -0.6322911381721497,
                0.0,
                0.0
            ],
            [
                0.5748588442802429,
                0.7043452262878418,
                0.4164295494556427,
                0.0
            ],
            [
                4729.88671875,
                642.83154296875,
                -43.66047668457031,
                1.0
            ]
        ]
    },
    {
        "ID": 14,
        "Name": "ICROCK203C",
        "Type": 58,
        "Scale": 1.0,
        "Transform": [
            [
                -0.909168004989624,
                0.4164295494556427,
                -0.0,
                0.0
            ],
            [
                -0.4164295494556427,
                -0.909168004989624,
                0.0,
                0.0
            ],
            [
                0.0,
                0.0,
                1.0,
                0.0
            ],
            [
                4771.05859375,
                653.2256469726563,
                -37.48477554321289,
                1.0
            ]
        ]
    },
    {
        "ID": 13,
        "Name": "FRZSHDENT200",
        "Type": 57,
        "Scale": 1.0,
        "Transform": [
            [
                0.8180062174797058,
                0.5752018690109253,
                -0.0,
                0.0
            ],
            [
                -0.5752018690109253,
                0.8180062174797058,
                0.0,
                0.0
            ],
            [
                0.0,
                0.0,
                1.0,
                0.0
            ],
            [
                1725.32763671875,
                2876.22705078125,
                115.36746978759766,
                1.0
            ]
        ]
    }
]