[
    {
        "ID": 2,
        "Name": "OBJ_ICEFALL_CRATE",
        "Type": 58,
        "Scale": 1.0,
        "Transform": [
            [
                -0.8961919546127319,
                -0.3712148666381836,
                0.24298018217086793,
                0.0
            ],
            [
                0.3826834261417389,
                -0.9238795042037964,
                0.0,
                0.0
            ],
            [
                0.2244843989610672,
                0.09298448264598847,
                0.9700312614440918,
                0.0
            ],
            [
                1146.7481689453126,
                -211.9800567626953,
                49.133056640625,
                1.0
            ]
        ]
    },
    {
        "ID": 3,
        "Name": "OBJ_ICEFALL_CRATE",
        "Type": 58,
        "Scale": 1.1999999284744263,
        "Transform": [
            [
                -0.9222761392593384,
                -0.255228191614151,
                0.290284663438797,
                0.0
            ],
            [
                0.2667127549648285,
                -0.9637760519981384,
                0.0,
                0.0
            ],
            [
                0.2797693908214569,
                0.0774226188659668,
                0.9569403529167175,
                0.0
            ],
            [
                1141.361083984375,
                -205.3013916015625,
                50.45698165893555,
                1.0
            ]
        ]
    },
    {
        "ID": 4,
        "Name": "OBJ_ICEFALL_CRATE",
        "Type": 58,
        "Scale": 1.0,
        "Transform": [
            [
                -0.7498438358306885,
                0.6001341342926025,
                0.2785196900367737,
                0.0
            ],
            [
                -0.6248595118522644,
                -0.7807372212409973,
                0.0,
                0.0
            ],
            [
                0.21745067834854127,
                -0.1740356683731079,
                0.9604305028915405,
                0.0
            ],
            [
                1141.8917236328126,
                -193.7292938232422,
                49.927093505859378,
                1.0
            ]
        ]
    },
    {
        "ID": 6,
        "Name": "OBJ_FORTGATE_DOOR",
        "Type": 5,
        "Scale": 1.0,
        "Transform": [
            [
                0.3368898630142212,
                0.9415440559387207,
                -0.0,
                0.0
            ],
            [
                -0.9415440559387207,
                0.3368898630142212,
                0.0,
                0.0
            ],
            [
                0.0,
                0.0,
                1.0,
                0.0
            ],
            [
                1883.857421875,
                -992.9060668945313,
                547.8576049804688,
                1.0
            ]
        ]
    },
    {
        "ID": 7,
        "Name": "OBJ_ORCFORT_BARS",
        "Type": 70,
        "Scale": 1.0,
        "Transform": [
            [
                -0.909168004989624,
                0.4164295494556427,
                -0.0,
                0.0
            ],
            [
                -0.4164295494556427,
                -0.909168004989624,
                0.0,
                0.0
            ],
            [
                0.0,
                0.0,
                1.0,
                0.0
            ],
            [
                1782.039794921875,
                -1301.2161865234376,
                570.532958984375,
                1.0
            ]
        ]
    },
    {
        "ID": 8,
        "Name": "OBJ_ORCFORT_BARS",
        "Type": 70,
        "Scale": 1.0,
        "Transform": [
            [
                0.39399203658103945,
                0.9191138744354248,
                -0.0,
                0.0
            ],
            [
                -0.9191138744354248,
                0.39399203658103945,
                0.0,
                0.0
            ],
            [
                0.0,
                0.0,
                1.0,
                0.0
            ],
            [
                1673.91064453125,
                -1348.973876953125,
                564.68212890625,
                1.0
            ]
        ]
    },
    {
        "ID": 9,
        "Name": "OBJ_ORCFORT_BARS",
        "Type": 70,
        "Scale": 1.0,
        "Transform": [
            [
                0.46053871512413027,
                0.8876396417617798,
                -0.0,
                0.0
            ],
            [
                -0.8876396417617798,
                0.46053871512413027,
                0.0,
                0.0
            ],
            [
                0.0,
                0.0,
                1.0,
                0.0
            ],
            [
                1660.2637939453126,
                -1380.93701171875,
                558.1943969726563,
                1.0
            ]
        ]
    },
    {
        "ID": 10,
        "Name": "OBJ_ORCFORT_BARS",
        "Type": 70,
        "Scale": 1.0,
        "Transform": [
            [
                0.40524131059646609,
                -0.91420978307724,
                -0.0,
                0.0
            ],
            [
                0.91420978307724,
                0.40524131059646609,
                0.0,
                0.0
            ],
            [
                0.0,
                -0.0,
                1.0,
                0.0
            ],
            [
                1686.75,
                -1183.75,
                572.5208129882813,
                1.0
            ]
        ]
    },
    {
        "ID": 11,
        "Name": "OBJ_ORCFORT_BARS",
        "Type": 70,
        "Scale": 1.0,
        "Transform": [
            [
                0.6343932747840881,
                0.7730104327201843,
                -0.0,
                0.0
            ],
            [
                -0.7730104327201843,
                0.6343932747840881,
                0.0,
                0.0
            ],
            [
                0.0,
                0.0,
                1.0,
                0.0
            ],
            [
                1641.75,
                -1327.75,
                572.5740356445313,
                1.0
            ]
        ]
    },
    {
        "ID": 12,
        "Name": "OBJ_ROCK_LFT_D",
        "Type": 58,
        "Scale": 1.0,
        "Transform": [
            [
                0.511627197265625,
                -0.8535983562469482,
                0.0980171412229538,
                0.0
            ],
            [
                0.8577286005020142,
                0.5141027569770813,
                0.0,
                0.0
            ],
            [
                -0.050390880554914477,
                0.08407209813594818,
                0.9951847195625305,
                0.0
            ],
            [
                1758.645751953125,
                -12.072738647460938,
                36.43071365356445,
                1.0
            ]
        ]
    },
    {
        "ID": 14,
        "Name": "OBP_BONPILE_D",
        "Type": 55,
        "Scale": 2.0,
        "Transform": [
            [
                -0.99969881772995,
                0.0,
                0.024541229009628297,
                0.0
            ],
            [
                0.0,
                -1.0,
                0.0,
                0.0
            ],
            [
                0.024541229009628297,
                0.0,
                0.99969881772995,
                0.0
            ],
            [
                -1688.5242919921876,
                -2708.55126953125,
                -208.53919982910157,
                1.0
            ]
        ]
    },
    {
        "ID": 15,
        "Name": "OBP_BONPILE_A",
        "Type": 55,
        "Scale": 2.0,
        "Transform": [
            [
                -0.73177170753479,
                0.6797811388969421,
                0.049067676067352298,
                0.0
            ],
            [
                -0.6806010007858276,
                -0.7326542735099793,
                0.0,
                0.0
            ],
            [
                0.03594963997602463,
                -0.03339550644159317,
                0.9987954497337341,
                0.0
            ],
            [
                -1699.486083984375,
                -2748.552001953125,
                -209.78773498535157,
                1.0
            ]
        ]
    },
    {
        "ID": 16,
        "Name": "OBJ_ICEFALL_CAMPFIRE",
        "Type": 55,
        "Scale": 2.0,
        "Transform": [
            [
                0.9453224539756775,
                0.325212299823761,
                0.024541229009628297,
                0.0
            ],
            [
                -0.32531028985977175,
                0.9456073045730591,
                0.0,
                0.0
            ],
            [
                -0.02320636436343193,
                -0.007983514107763768,
                0.99969881772995,
                0.0
            ],
            [
                -1469.286376953125,
                -2591.35400390625,
                -193.4499969482422,
                1.0
            ]
        ]
    },
    {
        "ID": 17,
        "Name": "OBJ_ICEFALL_CAMPFIRE",
        "Type": 55,
        "Scale": 2.0,
        "Transform": [
            [
                0.0,
                0.9891765117645264,
                0.1467304676771164,
                0.0
            ],
            [
                -1.0,
                0.0,
                0.0,
                0.0
            ],
            [
                0.0,
                -0.1467304676771164,
                0.9891765117645264,
                0.0
            ],
            [
                -1891.9281005859376,
                -2629.81005859375,
                -206.89999389648438,
                1.0
            ]
        ]
    },
    {
        "ID": 18,
        "Name": "OBJ_ICEFALL_CAMPFIRE",
        "Type": 55,
        "Scale": 2.0,
        "Transform": [
            [
                -0.061025459319353107,
                0.993311882019043,
                -0.0980171412229538,
                0.0
            ],
            [
                -0.9981181025505066,
                -0.06132073700428009,
                0.0,
                0.0
            ],
            [
                -0.006010483019053936,
                0.09783267974853516,
                0.9951847195625305,
                0.0
            ],
            [
                -2004.0101318359376,
                -3067.452392578125,
                -207.84999084472657,
                1.0
            ]
        ]
    },
    {
        "ID": 19,
        "Name": "OBJ_ICEFALL_CAMPFIRE",
        "Type": 55,
        "Scale": 2.0,
        "Transform": [
            [
                0.7240289449691773,
                -0.6893328428268433,
                0.024541229009628297,
                0.0
            ],
            [
                0.6895405650138855,
                0.7242470979690552,
                0.0,
                0.0
            ],
            [
                -0.017773913219571115,
                0.016922172158956529,
                0.99969881772995,
                0.0
            ],
            [
                -1462.8245849609376,
                -2911.508544921875,
                -195.3959197998047,
                1.0
            ]
        ]
    },
    {
        "ID": 20,
        "Name": "OBJ_ICEFALL_CAMPFIRE",
        "Type": 55,
        "Scale": 2.0,
        "Transform": [
            [
                0.7671970129013062,
                -0.6296223402023315,
                0.12241067737340927,
                0.0
            ],
            [
                0.6343932747840881,
                0.7730104327201843,
                0.0,
                0.0
            ],
            [
                -0.09462472796440125,
                0.07765650749206543,
                0.9924795627593994,
                0.0
            ],
            [
                -1757.825927734375,
                -2952.161376953125,
                -212.79998779296876,
                1.0
            ]
        ]
    },
    {
        "ID": 21,
        "Name": "OBJ_FP_TENT_A",
        "Type": 55,
        "Scale": 2.0,
        "Transform": [
            [
                -0.8382247090339661,
                -0.545324981212616,
                -0.0,
                0.0
            ],
            [
                0.545324981212616,
                -0.8382247090339661,
                0.0,
                0.0
            ],
            [
                -0.0,
                0.0,
                1.0,
                0.0
            ],
            [
                -1734.567626953125,
                -2972.568603515625,
                -207.80978393554688,
                1.0
            ]
        ]
    },
    {
        "ID": 22,
        "Name": "OBJ_FP_TENT_A",
        "Type": 55,
        "Scale": 2.0,
        "Transform": [
            [
                0.89322429895401,
                -0.4496113359928131,
                -0.0,
                0.0
            ],
            [
                0.4496113359928131,
                0.89322429895401,
                0.0,
                0.0
            ],
            [
                0.0,
                -0.0,
                1.0,
                0.0
            ],
            [
                -1451.3836669921876,
                -2886.16650390625,
                -193.52438354492188,
                1.0
            ]
        ]
    },
    {
        "ID": 23,
        "Name": "OBJ_FP_TENT_A",
        "Type": 55,
        "Scale": 2.0,
        "Transform": [
            [
                -0.7491363883018494,
                -0.6624158024787903,
                -0.0,
                0.0
            ],
            [
                0.6624158024787903,
                -0.7491363883018494,
                0.0,
                0.0
            ],
            [
                -0.0,
                0.0,
                1.0,
                0.0
            ],
            [
                -1449.7568359375,
                -2932.546875,
                -192.72186279296876,
                1.0
            ]
        ]
    },
    {
        "ID": 24,
        "Name": "OBJ_IGLOO",
        "Type": 55,
        "Scale": 0.5,
        "Transform": [
            [
                -0.89322429895401,
                0.4496113359928131,
                -0.0,
                0.0
            ],
            [
                -0.4496113359928131,
                -0.89322429895401,
                0.0,
                0.0
            ],
            [
                0.0,
                0.0,
                1.0,
                0.0
            ],
            [
                -1424.34716796875,
                -2634.002685546875,
                -200.0,
                1.0
            ]
        ]
    },
    {
        "ID": 25,
        "Name": "OBJ_IGLOO_INT",
        "Type": 55,
        "Scale": 0.5,
        "Transform": [
            [
                -0.89322429895401,
                0.4496113359928131,
                -0.0,
                0.0
            ],
            [
                -0.4496113359928131,
                -0.89322429895401,
                0.0,
                0.0
            ],
            [
                0.0,
                0.0,
                1.0,
                0.0
            ],
            [
                -1424.34716796875,
                -2634.002685546875,
                -200.0,
                1.0
            ]
        ]
    },
    {
        "ID": 26,
        "Name": "OBJ_FP_TENT_A",
        "Type": 55,
        "Scale": 2.0,
        "Transform": [
            [
                -1.0,
                0.0,
                -0.0,
                0.0
            ],
            [
                -0.0,
                -1.0,
                0.0,
                0.0
            ],
            [
                0.0,
                0.0,
                1.0,
                0.0
            ],
            [
                -1996.4652099609376,
                -3092.92822265625,
                -202.11968994140626,
                1.0
            ]
        ]
    },
    {
        "ID": 27,
        "Name": "OBJ_FP_TENT_A",
        "Type": 55,
        "Scale": 2.0,
        "Transform": [
            [
                0.3792020082473755,
                0.9154746532440186,
                -0.13458070158958436,
                0.0
            ],
            [
                -0.9238795042037964,
                0.3826834261417389,
                0.0,
                0.0
            ],
            [
                0.0515018031001091,
                0.12433634698390961,
                0.9909026622772217,
                0.0
            ],
            [
                -2025.883056640625,
                -3052.667724609375,
                -206.29566955566407,
                1.0
            ]
        ]
    },
    {
        "ID": 28,
        "Name": "OBJ_IGLOO",
        "Type": 55,
        "Scale": 0.5,
        "Transform": [
            [
                0.6009573340415955,
                -0.7898518443107605,
                -0.12241067737340927,
                0.0
            ],
            [
                0.7958369255065918,
                0.6055110692977905,
                0.0,
                0.0
            ],
            [
                0.07412101328372956,
                -0.09741893410682678,
                0.9924795627593994,
                0.0
            ],
            [
                -1946.6839599609376,
                -2618.08154296875,
                -210.0,
                1.0
            ]
        ]
    },
    {
        "ID": 29,
        "Name": "OBJ_IGLOO_INT",
        "Type": 55,
        "Scale": 0.5,
        "Transform": [
            [
                0.6009573340415955,
                -0.7898518443107605,
                -0.12241067737340927,
                0.0
            ],
            [
                0.7958369255065918,
                0.6055110692977905,
                0.0,
                0.0
            ],
            [
                0.07412101328372956,
                -0.09741893410682678,
                0.9924795627593994,
                0.0
            ],
            [
                -1946.6839599609376,
                -2618.08154296875,
                -210.0,
                1.0
            ]
        ]
    },
    {
        "ID": 30,
        "Name": "OBJ_FP_TENT_A",
        "Type": 55,
        "Scale": 2.0,
        "Transform": [
            [
                -0.2785196900367737,
                0.9604305028915405,
                -0.0,
                0.0
            ],
            [
                -0.9604305028915405,
                -0.2785196900367737,
                0.0,
                0.0
            ],
            [
                0.0,
                0.0,
                1.0,
                0.0
            ],
            [
                -1782.2481689453126,
                -2965.192626953125,
                -212.859130859375,
                1.0
            ]
        ]
    },
    {
        "ID": 31,
        "Name": "OBJ_ICEFALL_ICYCLE_SM",
        "Type": 59,
        "Scale": 2.0,
        "Transform": [
            [
                0.5837709307670593,
                0.628418505191803,
                -0.5141027569770813,
                0.0
            ],
            [
                0.7326542735099793,
                -0.6806010007858276,
                -0.0,
                0.0
            ],
            [
                -0.3498988449573517,
                -0.3766595721244812,
                -0.8577286005020142,
                0.0
            ],
            [
                -1726.8865966796876,
                -2920.765625,
                -240.5,
                1.0
            ]
        ]
    },
    {
        "ID": 32,
        "Name": "OBJ_ICEFALL_ICYCLE_SM",
        "Type": 59,
        "Scale": 2.0,
        "Transform": [
            [
                0.5837709307670593,
                -0.628418505191803,
                -0.5141027569770813,
                0.0
            ],
            [
                -0.7326542735099793,
                -0.6806010007858276,
                -0.0,
                0.0
            ],
            [
                -0.3498988449573517,
                0.3766595721244812,
                -0.8577286005020142,
                0.0
            ],
            [
                -1720.859375,
                -2912.359130859375,
                -240.5,
                1.0
            ]
        ]
    },
    {
        "ID": 33,
        "Name": "OBJ_ICEFALL_ICYCLE_SM",
        "Type": 59,
        "Scale": 2.0,
        "Transform": [
            [
                -0.4409606158733368,
                0.7356983423233032,
                -0.5141027569770813,
                0.0
            ],
            [
                0.8577286005020142,
                0.5141027569770813,
                -0.0,
                0.0
            ],
            [
                0.2643016278743744,
                -0.4409606158733368,
                -0.8577286005020142,
                0.0
            ],
            [
                -1718.75,
                -2927.25,
                -240.5,
                1.0
            ]
        ]
    },
    {
        "ID": 34,
        "Name": "OBJ_ICEFALL_ICYCLE_SM",
        "Type": 59,
        "Scale": 2.0,
        "Transform": [
            [
                -0.4677408039569855,
                -0.7189692854881287,
                -0.5141027569770813,
                0.0
            ],
            [
                -0.8382247090339661,
                0.545324981212616,
                -0.0,
                0.0
            ],
            [
                0.2803530693054199,
                0.4309336245059967,
                -0.8577286005020142,
                0.0
            ],
            [
                -1711.9783935546876,
                -2920.30712890625,
                -240.5,
                1.0
            ]
        ]
    },
    {
        "ID": 35,
        "Name": "IT646",
        "Type": 0,
        "Scale": 2.0,
        "Transform": [
            [
                0.9784701466560364,
                0.1451423317193985,
                -0.1467304676771164,
                0.0
            ],
            [
                -0.1467304676771164,
                0.9891765117645264,
                0.0,
                0.0
            ],
            [
                0.1451423317193985,
                0.021529829129576684,
                0.9891765117645264,
                0.0
            ],
            [
                2308.150146484375,
                -133.0,
                704.349853515625,
                1.0
            ]
        ]
    }
]