[
    {
        "ID": 1,
        "Name": "IT402",
        "Type": 58,
        "Scale": 1.0,
        "Transform": [
            [
                -0.7071067690849304,
                -0.7071067690849304,
                -0.0,
                0.0
            ],
            [
                0.7071067690849304,
                -0.7071067690849304,
                0.0,
                0.0
            ],
            [
                -0.0,
                0.0,
                1.0,
                0.0
            ],
            [
                934.6458129882813,
                572.3511352539063,
                19.018495559692384,
                1.0
            ]
        ]
    },
    {
        "ID": 3,
        "Name": "OBJ_GUK_SWITCH",
        "Type": 58,
        "Scale": 7.5,
        "Transform": [
            [
                -0.7071067690849304,
                -0.7071067690849304,
                -0.0,
                0.0
            ],
            [
                0.7071067690849304,
                -0.7071067690849304,
                0.0,
                0.0
            ],
            [
                -0.0,
                0.0,
                1.0,
                0.0
            ],
            [
                935.6458129882813,
                572.3511962890625,
                19.018495559692384,
                1.0
            ]
        ]
    },
    {
        "ID": 77,
        "Name": "POKTELE500",
        "Type": 58,
        "Scale": 1.0,
        "Transform": [
            [
                1.0,
                0.0,
                -0.0,
                0.0
            ],
            [
                0.0,
                1.0,
                0.0,
                0.0
            ],
            [
                0.0,
                0.0,
                1.0,
                0.0
            ],
            [
                -443.25,
                -361.75,
                2.5,
                1.0
            ]
        ]
    },
    {
        "ID": 2,
        "Name": "OBJ_CAMPFIRE",
        "Type": 55,
        "Scale": 1.0,
        "Transform": [
            [
                0.5757647752761841,
                -0.8175232410430908,
                0.012271538376808167,
                0.0
            ],
            [
                0.8175848126411438,
                0.5758081674575806,
                0.0,
                0.0
            ],
            [
                -0.007066051941365004,
                0.010033022612333298,
                0.9999247193336487,
                0.0
            ],
            [
                1958.0,
                -160.0,
                17.19999885559082,
                1.0
            ]
        ]
    }
]