[
    {
        "ID": 1,
        "Name": "OBJ_RING_A",
        "Type": 156,
        "Scale": 1.0,
        "Transform": [
            [
                0.7584779858589172,
                0.6516830325126648,
                -0.0,
                0.0
            ],
            [
                -0.6516830325126648,
                0.7584779858589172,
                0.0,
                0.0
            ],
            [
                0.0,
                0.0,
                1.0,
                0.0
            ],
            [
                -28.67499351501465,
                -0.8629999756813049,
                -101.0,
                1.0
            ]
        ]
    },
    {
        "ID": 2,
        "Name": "OBJ_RING_B",
        "Type": 156,
        "Scale": 1.0,
        "Transform": [
            [
                -0.20259135961532594,
                -0.9792453050613403,
                -0.0,
                0.0
            ],
            [
                0.9792453050613403,
                -0.20259135961532594,
                0.0,
                0.0
            ],
            [
                -0.0,
                0.0,
                1.0,
                0.0
            ],
            [
                -28.67499351501465,
                -0.8629999756813049,
                -96.0,
                1.0
            ]
        ]
    },
    {
        "ID": 3,
        "Name": "OBJ_RING_BASE",
        "Type": 55,
        "Scale": 1.0,
        "Transform": [
            [
                1.0,
                0.0,
                -0.0,
                0.0
            ],
            [
                0.0,
                1.0,
                0.0,
                0.0
            ],
            [
                0.0,
                0.0,
                1.0,
                0.0
            ],
            [
                -28.675342559814454,
                -0.8627390265464783,
                -106.1823959350586,
                1.0
            ]
        ]
    },
    {
        "ID": 4,
        "Name": "OBJ_RING_BASE",
        "Type": 57,
        "Scale": 1.0,
        "Transform": [
            [
                -0.012271538376808167,
                -0.9999247193336487,
                -0.0,
                0.0
            ],
            [
                0.9999247193336487,
                -0.012271538376808167,
                0.0,
                0.0
            ],
            [
                -0.0,
                0.0,
                1.0,
                0.0
            ],
            [
                72.75,
                -126.0,
                9.957232475280762,
                1.0
            ]
        ]
    },
    {
        "ID": 5,
        "Name": "OBJ_RING_B",
        "Type": 156,
        "Scale": 1.0,
        "Transform": [
            [
                0.9993211627006531,
                0.03683392331004143,
                -0.0,
                0.0
            ],
            [
                -0.03683392331004143,
                0.9993211627006531,
                0.0,
                0.0
            ],
            [
                0.0,
                0.0,
                1.0,
                0.0
            ],
            [
                72.75,
                -126.0,
                20.0,
                1.0
            ]
        ]
    },
    {
        "ID": 6,
        "Name": "OBJ_RING_A",
        "Type": 156,
        "Scale": 1.0,
        "Transform": [
            [
                -0.8595243096351624,
                0.5110645890235901,
                -0.0,
                0.0
            ],
            [
                -0.5110645890235901,
                -0.8595243096351624,
                0.0,
                0.0
            ],
            [
                0.0,
                0.0,
                1.0,
                0.0
            ],
            [
                72.75,
                -126.0,
                15.0,
                1.0
            ]
        ]
    },
    {
        "ID": 7,
        "Name": "OBJ_RING_BASE",
        "Type": 57,
        "Scale": 1.0,
        "Transform": [
            [
                0.0,
                1.0,
                -0.0,
                0.0
            ],
            [
                -1.0,
                0.0,
                0.0,
                0.0
            ],
            [
                0.0,
                0.0,
                1.0,
                0.0
            ],
            [
                72.75,
                125.0,
                9.956999778747559,
                1.0
            ]
        ]
    },
    {
        "ID": 8,
        "Name": "OBJ_RING_B",
        "Type": 156,
        "Scale": 1.0,
        "Transform": [
            [
                -0.9967308044433594,
                0.08056512475013733,
                -0.0,
                0.0
            ],
            [
                -0.08056512475013733,
                -0.9967308044433594,
                0.0,
                0.0
            ],
            [
                0.0,
                0.0,
                1.0,
                0.0
            ],
            [
                72.75,
                125.0,
                20.0,
                1.0
            ]
        ]
    },
    {
        "ID": 9,
        "Name": "OBJ_RING_A",
        "Type": 156,
        "Scale": 1.0,
        "Transform": [
            [
                -0.9023743271827698,
                0.4309161603450775,
                -0.0,
                0.0
            ],
            [
                -0.4309161603450775,
                -0.9023743271827698,
                0.0,
                0.0
            ],
            [
                0.0,
                0.0,
                1.0,
                0.0
            ],
            [
                72.75,
                125.0,
                15.0,
                1.0
            ]
        ]
    },
    {
        "ID": 10,
        "Name": "OBJ_RING_BASE",
        "Type": 55,
        "Scale": 1.0,
        "Transform": [
            [
                0.0,
                1.0,
                -0.0,
                0.0
            ],
            [
                -1.0,
                0.0,
                0.0,
                0.0
            ],
            [
                0.0,
                0.0,
                1.0,
                0.0
            ],
            [
                25.541757583618165,
                -65.56820678710938,
                96.88404083251953,
                1.0
            ]
        ]
    },
    {
        "ID": 11,
        "Name": "OBJ_RING_A",
        "Type": 156,
        "Scale": 1.0,
        "Transform": [
            [
                0.30598554015159609,
                0.9520183205604553,
                -0.0,
                0.0
            ],
            [
                -0.9520183205604553,
                0.30598554015159609,
                0.0,
                0.0
            ],
            [
                0.0,
                0.0,
                1.0,
                0.0
            ],
            [
                25.541757583618165,
                -65.56820678710938,
                101.92704772949219,
                1.0
            ]
        ]
    },
    {
        "ID": 12,
        "Name": "OBJ_RING_B",
        "Type": 156,
        "Scale": 1.0,
        "Transform": [
            [
                -0.2082635909318924,
                -0.9780660271644592,
                -0.0,
                0.0
            ],
            [
                0.9780660271644592,
                -0.2082635909318924,
                0.0,
                0.0
            ],
            [
                -0.0,
                0.0,
                1.0,
                0.0
            ],
            [
                25.541757583618165,
                -65.56820678710938,
                106.92704772949219,
                1.0
            ]
        ]
    },
    {
        "ID": 13,
        "Name": "OBJ_RING_BASE",
        "Type": 55,
        "Scale": 1.0,
        "Transform": [
            [
                0.0,
                1.0,
                -0.0,
                0.0
            ],
            [
                -1.0,
                0.0,
                0.0,
                0.0
            ],
            [
                0.0,
                0.0,
                1.0,
                0.0
            ],
            [
                25.69084358215332,
                65.03518676757813,
                96.87406158447266,
                1.0
            ]
        ]
    },
    {
        "ID": 14,
        "Name": "OBJ_RING_A",
        "Type": 156,
        "Scale": 1.0,
        "Transform": [
            [
                -0.44416847825050356,
                0.8959222435951233,
                -0.0,
                0.0
            ],
            [
                -0.8959222435951233,
                -0.44416847825050356,
                0.0,
                0.0
            ],
            [
                0.0,
                0.0,
                1.0,
                0.0
            ],
            [
                25.69084358215332,
                65.03518676757813,
                101.91706085205078,
                1.0
            ]
        ]
    },
    {
        "ID": 15,
        "Name": "OBJ_RING_B",
        "Type": 156,
        "Scale": 1.0,
        "Transform": [
            [
                -0.8305354118347168,
                -0.5569498538970947,
                -0.0,
                0.0
            ],
            [
                0.5569498538970947,
                -0.8305354118347168,
                0.0,
                0.0
            ],
            [
                -0.0,
                0.0,
                1.0,
                0.0
            ],
            [
                25.69084358215332,
                65.03518676757813,
                106.91706085205078,
                1.0
            ]
        ]
    },
    {
        "ID": 19,
        "Name": "OBJ_TELEPORT_RING",
        "Type": 57,
        "Scale": 0.41999998688697817,
        "Transform": [
            [
                0.24298018217086793,
                -0.9700312614440918,
                -0.0,
                0.0
            ],
            [
                0.9700312614440918,
                0.24298018217086793,
                0.0,
                0.0
            ],
            [
                0.0,
                -0.0,
                1.0,
                0.0
            ],
            [
                0.4749999940395355,
                0.6200000047683716,
                556.9111938476563,
                1.0
            ]
        ]
    },
    {
        "ID": 20,
        "Name": "OBJ_TELEPORT_RING",
        "Type": 57,
        "Scale": 0.41999998688697817,
        "Transform": [
            [
                0.3368898630142212,
                0.9415440559387207,
                -0.0,
                0.0
            ],
            [
                -0.9415440559387207,
                0.3368898630142212,
                0.0,
                0.0
            ],
            [
                0.0,
                0.0,
                1.0,
                0.0
            ],
            [
                72.75,
                125.0,
                10.297225952148438,
                1.0
            ]
        ]
    },
    {
        "ID": 21,
        "Name": "OBJ_TELEPORT_RING",
        "Type": 57,
        "Scale": 0.41999998688697817,
        "Transform": [
            [
                0.24298018217086793,
                -0.9700312614440918,
                -0.0,
                0.0
            ],
            [
                0.9700312614440918,
                0.24298018217086793,
                0.0,
                0.0
            ],
            [
                0.0,
                -0.0,
                1.0,
                0.0
            ],
            [
                72.75,
                -126.0,
                10.317225456237793,
                1.0
            ]
        ]
    },
    {
        "ID": 22,
        "Name": "OBJ_TELEPORT_RING",
        "Type": 57,
        "Scale": 0.41999998688697817,
        "Transform": [
            [
                0.08579730987548828,
                0.9963126182556152,
                -0.0,
                0.0
            ],
            [
                -0.9963126182556152,
                0.08579730987548828,
                0.0,
                0.0
            ],
            [
                0.0,
                0.0,
                1.0,
                0.0
            ],
            [
                -28.67499351501465,
                -0.8629999756813049,
                -105.88138580322266,
                1.0
            ]
        ]
    },
    {
        "ID": 23,
        "Name": "OBJ_TELEPORT_RING",
        "Type": 57,
        "Scale": 0.41999998688697817,
        "Transform": [
            [
                0.545324981212616,
                -0.8382247090339661,
                -0.0,
                0.0
            ],
            [
                0.8382247090339661,
                0.545324981212616,
                0.0,
                0.0
            ],
            [
                0.0,
                -0.0,
                1.0,
                0.0
            ],
            [
                25.54199981689453,
                -65.56798553466797,
                97.2442398071289,
                1.0
            ]
        ]
    },
    {
        "ID": 24,
        "Name": "OBJ_TELEPORT_RING",
        "Type": 57,
        "Scale": 0.41999998688697817,
        "Transform": [
            [
                0.9999247193336487,
                -0.012271538376808167,
                -0.0,
                0.0
            ],
            [
                0.012271538376808167,
                0.9999247193336487,
                0.0,
                0.0
            ],
            [
                0.0,
                -0.0,
                1.0,
                0.0
            ],
            [
                25.69099998474121,
                65.03498077392578,
                97.2342758178711,
                1.0
            ]
        ]
    },
    {
        "ID": 16,
        "Name": "OBJ_SUN_ARTIFACT",
        "Type": 156,
        "Scale": 1.0,
        "Transform": [
            [
                0.9720045328140259,
                0.23489205539226533,
                -0.0,
                0.0
            ],
            [
                -0.23489205539226533,
                0.9720045328140259,
                0.0,
                0.0
            ],
            [
                0.0,
                0.0,
                1.0,
                0.0
            ],
            [
                0.007137000095099211,
                0.2708269953727722,
                579.5572509765625,
                1.0
            ]
        ]
    },
    {
        "ID": 17,
        "Name": "OBJ_DOOR_BIGIRON",
        "Type": 76,
        "Scale": 1.0,
        "Transform": [
            [
                0.0,
                1.0,
                -0.0,
                0.0
            ],
            [
                -1.0,
                0.0,
                0.0,
                0.0
            ],
            [
                0.0,
                0.0,
                1.0,
                0.0
            ],
            [
                -2445.1298828125,
                1490.4248046875,
                -323.7400207519531,
                1.0
            ]
        ]
    },
    {
        "ID": 18,
        "Name": "OBJ_DOOR_BIGIRON",
        "Type": 76,
        "Scale": 1.0,
        "Transform": [
            [
                0.0,
                -1.0,
                -0.0,
                0.0
            ],
            [
                1.0,
                0.0,
                0.0,
                0.0
            ],
            [
                0.0,
                -0.0,
                1.0,
                0.0
            ],
            [
                -2351.843505859375,
                -1079.505126953125,
                -229.94273376464845,
                1.0
            ]
        ]
    },
    {
        "ID": 25,
        "Name": "OBJ_DOOR_BIGIRON",
        "Type": 76,
        "Scale": 1.0,
        "Transform": [
            [
                0.3368898630142212,
                -0.9415440559387207,
                -0.0,
                0.0
            ],
            [
                0.9415440559387207,
                0.3368898630142212,
                0.0,
                0.0
            ],
            [
                0.0,
                -0.0,
                1.0,
                0.0
            ],
            [
                -3892.2412109375,
                -1424.6787109375,
                -552.9652709960938,
                1.0
            ]
        ]
    },
    {
        "ID": 26,
        "Name": "OBJ_DOOR_BIGIRON",
        "Type": 76,
        "Scale": 1.0,
        "Transform": [
            [
                0.46053871512413027,
                0.8876396417617798,
                -0.0,
                0.0
            ],
            [
                -0.8876396417617798,
                0.46053871512413027,
                0.0,
                0.0
            ],
            [
                0.0,
                0.0,
                1.0,
                0.0
            ],
            [
                -4017.923583984375,
                2123.671142578125,
                -552.9617919921875,
                1.0
            ]
        ]
    },
    {
        "ID": 27,
        "Name": "OBJ_TELEDISC",
        "Type": 57,
        "Scale": 1.0,
        "Transform": [
            [
                -0.8576639890670776,
                0.5140640139579773,
                0.012271538376808167,
                0.0
            ],
            [
                -0.5141027569770813,
                -0.8577286005020142,
                0.0,
                0.0
            ],
            [
                0.010525649413466454,
                -0.00630883127450943,
                0.9999247193336487,
                0.0
            ],
            [
                -4210.2265625,
                2580.324462890625,
                -509.96795654296877,
                1.0
            ]
        ]
    },
    {
        "ID": 28,
        "Name": "OBJ_TELEDISC",
        "Type": 57,
        "Scale": 1.0,
        "Transform": [
            [
                -0.254846453666687,
                -0.9669036269187927,
                0.012271538376808167,
                0.0
            ],
            [
                0.9669764637947083,
                -0.2548656463623047,
                0.0,
                0.0
            ],
            [
                0.003127593547105789,
                0.011866288259625435,
                0.9999247193336487,
                0.0
            ],
            [
                -1151.95654296875,
                -4801.18505859375,
                -509.96337890625,
                1.0
            ]
        ]
    },
    {
        "ID": 29,
        "Name": "OBJ_TELEDISC",
        "Type": 57,
        "Scale": 1.0,
        "Transform": [
            [
                0.9141409397125244,
                0.40521079301834109,
                0.012271538376808167,
                0.0
            ],
            [
                -0.40524131059646609,
                0.91420978307724,
                0.0,
                0.0
            ],
            [
                -0.011218760162591935,
                -0.004972934257239103,
                0.9999247193336487,
                0.0
            ],
            [
                4210.23046875,
                2580.3505859375,
                -509.9673767089844,
                1.0
            ]
        ]
    },
    {
        "ID": 30,
        "Name": "OBJ_LIBTELPORTPAD",
        "Type": 57,
        "Scale": 1.0,
        "Transform": [
            [
                0.8576639890670776,
                0.5140640139579773,
                0.012271538376808167,
                0.0
            ],
            [
                -0.5141027569770813,
                0.8577286005020142,
                0.0,
                0.0
            ],
            [
                -0.010525649413466454,
                -0.00630883127450943,
                0.9999247193336487,
                0.0
            ],
            [
                -1164.2982177734376,
                652.0653076171875,
                -97.21437072753906,
                1.0
            ]
        ]
    },
    {
        "ID": 31,
        "Name": "OBJ_LIBTELPORTPAD",
        "Type": 57,
        "Scale": 1.0,
        "Transform": [
            [
                -0.9987202286720276,
                -0.04906398057937622,
                0.012271538376808167,
                0.0
            ],
            [
                0.049067676067352298,
                -0.9987954497337341,
                0.0,
                0.0
            ],
            [
                0.01225675642490387,
                0.0006021358422003686,
                0.9999247193336487,
                0.0
            ],
            [
                -1164.506103515625,
                652.1527709960938,
                5.228909969329834,
                1.0
            ]
        ]
    },
    {
        "ID": 32,
        "Name": "OBJ_LIBTELPORTPAD",
        "Type": 57,
        "Scale": 1.0,
        "Transform": [
            [
                0.5349573493003845,
                -0.8447899222373962,
                0.012271538376808167,
                0.0
            ],
            [
                0.8448535799980164,
                0.5349976420402527,
                0.0,
                0.0
            ],
            [
                -0.006565243937075138,
                0.010367652401328087,
                0.9999247193336487,
                0.0
            ],
            [
                -28.38820457458496,
                -0.9161220192909241,
                -114.62276458740235,
                1.0
            ]
        ]
    },
    {
        "ID": 33,
        "Name": "OBJ_LIBTELPORTPAD",
        "Type": 57,
        "Scale": 1.0,
        "Transform": [
            [
                0.963703453540802,
                -0.2666926681995392,
                0.012271538376808167,
                0.0
            ],
            [
                0.2667127549648285,
                0.9637760519981384,
                0.0,
                0.0
            ],
            [
                -0.0118270143866539,
                0.0032729757949709894,
                0.9999247193336487,
                0.0
            ],
            [
                25.535232543945314,
                -65.67035675048828,
                88.5,
                1.0
            ]
        ]
    },
    {
        "ID": 34,
        "Name": "OBJ_LIBTELPORTPAD",
        "Type": 57,
        "Scale": 1.0,
        "Transform": [
            [
                0.3712892532348633,
                0.9284361600875855,
                0.012271538376808167,
                0.0
            ],
            [
                -0.928506076335907,
                0.37131720781326296,
                0.0,
                0.0
            ],
            [
                -0.004556633066385984,
                -0.01139419712126255,
                0.9999247193336487,
                0.0
            ],
            [
                25.872806549072267,
                65.22198486328125,
                88.50469970703125,
                1.0
            ]
        ]
    },
    {
        "ID": 35,
        "Name": "OBJ_TELEDISC",
        "Type": 57,
        "Scale": 1.0,
        "Transform": [
            [
                0.6715083718299866,
                -0.7408953309059143,
                0.012271538376808167,
                0.0
            ],
            [
                0.7409511208534241,
                0.6715589761734009,
                0.0,
                0.0
            ],
            [
                -0.008241061121225357,
                0.009092609398066998,
                0.9999247193336487,
                0.0
            ],
            [
                -24.55136489868164,
                0.04578400030732155,
                555.7361450195313,
                1.0
            ]
        ]
    },
    {
        "ID": 36,
        "Name": "OBP_FISHRING_FRNT",
        "Type": 156,
        "Scale": 1.0,
        "Transform": [
            [
                0.7542818784713745,
                -0.656524121761322,
                -0.0,
                0.0
            ],
            [
                0.656524121761322,
                0.7542818784713745,
                0.0,
                0.0
            ],
            [
                0.0,
                -0.0,
                1.0,
                0.0
            ],
            [
                0.0,
                0.0,
                -8.452119827270508,
                1.0
            ]
        ]
    },
    {
        "ID": 38,
        "Name": "OBP_FISHRING_REVERSE",
        "Type": 156,
        "Scale": 1.0,
        "Transform": [
            [
                -0.36969876289367678,
                0.9291417598724365,
                -0.0,
                0.0
            ],
            [
                -0.9291417598724365,
                -0.36969876289367678,
                0.0,
                0.0
            ],
            [
                0.0,
                0.0,
                1.0,
                0.0
            ],
            [
                0.0,
                0.0,
                58.75,
                1.0
            ]
        ]
    },
    {
        "ID": 37,
        "Name": "OBJ_TELEDISCA00Z",
        "Type": 57,
        "Scale": 1.0,
        "Transform": [
            [
                -0.8245893120765686,
                0.5657318234443665,
                -0.0,
                0.0
            ],
            [
                -0.5657318234443665,
                -0.8245893120765686,
                0.0,
                0.0
            ],
            [
                0.0,
                0.0,
                1.0,
                0.0
            ],
            [
                -997.0,
                -703.0,
                -3.200000047683716,
                1.0
            ]
        ]
    },
    {
        "ID": 41,
        "Name": "OBJ_TELEDISCC1Z",
        "Type": 57,
        "Scale": 1.0,
        "Transform": [
            [
                -0.903989315032959,
                -0.4275550842285156,
                -0.0,
                0.0
            ],
            [
                0.4275550842285156,
                -0.903989315032959,
                0.0,
                0.0
            ],
            [
                -0.0,
                0.0,
                1.0,
                0.0
            ],
            [
                -988.0,
                -687.0,
                -3.200000047683716,
                1.0
            ]
        ]
    },
    {
        "ID": 43,
        "Name": "OBJ_TELEDISCC2Z",
        "Type": 57,
        "Scale": 1.0,
        "Transform": [
            [
                -0.89322429895401,
                0.4496113359928131,
                -0.0,
                0.0
            ],
            [
                -0.4496113359928131,
                -0.89322429895401,
                0.0,
                0.0
            ],
            [
                0.0,
                0.0,
                1.0,
                0.0
            ],
            [
                -978.0,
                -691.0,
                -3.200000047683716,
                1.0
            ]
        ]
    },
    {
        "ID": 42,
        "Name": "OBJ_TELEDISCC3Z",
        "Type": 57,
        "Scale": 1.0,
        "Transform": [
            [
                0.21910123527050019,
                0.9757021069526672,
                -0.0,
                0.0
            ],
            [
                -0.9757021069526672,
                0.21910123527050019,
                0.0,
                0.0
            ],
            [
                0.0,
                0.0,
                1.0,
                0.0
            ],
            [
                -978.0,
                -705.0,
                -3.200000047683716,
                1.0
            ]
        ]
    },
    {
        "ID": 40,
        "Name": "OBJ_TELEDISCC4Z",
        "Type": 57,
        "Scale": 1.0,
        "Transform": [
            [
                -0.909168004989624,
                -0.4164295494556427,
                -0.0,
                0.0
            ],
            [
                0.4164295494556427,
                -0.909168004989624,
                0.0,
                0.0
            ],
            [
                -0.0,
                0.0,
                1.0,
                0.0
            ],
            [
                -988.0,
                -709.0,
                -3.200000047683716,
                1.0
            ]
        ]
    },
    {
        "ID": 44,
        "Name": "OBJ_TELEDISCA00Z",
        "Type": 57,
        "Scale": 1.0,
        "Transform": [
            [
                0.6438315510749817,
                0.765167236328125,
                -0.0,
                0.0
            ],
            [
                -0.765167236328125,
                0.6438315510749817,
                0.0,
                0.0
            ],
            [
                0.0,
                0.0,
                1.0,
                0.0
            ],
            [
                927.0,
                1323.0,
                -71.59999084472656,
                1.0
            ]
        ]
    },
    {
        "ID": 46,
        "Name": "OBJ_TELEDISCC4Z",
        "Type": 57,
        "Scale": 1.0,
        "Transform": [
            [
                -0.3826834261417389,
                0.9238795042037964,
                -0.0,
                0.0
            ],
            [
                -0.9238795042037964,
                -0.3826834261417389,
                0.0,
                0.0
            ],
            [
                0.0,
                0.0,
                1.0,
                0.0
            ],
            [
                921.0,
                1314.0,
                -71.59999084472656,
                1.0
            ]
        ]
    },
    {
        "ID": 47,
        "Name": "OBJ_TELEDISCC1Z",
        "Type": 57,
        "Scale": 1.0,
        "Transform": [
            [
                -0.39399203658103945,
                0.9191138744354248,
                -0.0,
                0.0
            ],
            [
                -0.9191138744354248,
                -0.39399203658103945,
                0.0,
                0.0
            ],
            [
                0.0,
                0.0,
                1.0,
                0.0
            ],
            [
                943.0,
                1314.0,
                -71.59999084472656,
                1.0
            ]
        ]
    },
    {
        "ID": 48,
        "Name": "OBJ_TELEDISCC3Z",
        "Type": 57,
        "Scale": 1.0,
        "Transform": [
            [
                -0.9191138744354248,
                0.39399203658103945,
                -0.0,
                0.0
            ],
            [
                -0.39399203658103945,
                -0.9191138744354248,
                0.0,
                0.0
            ],
            [
                0.0,
                0.0,
                1.0,
                0.0
            ],
            [
                924.0,
                1305.0,
                -71.59999084472656,
                1.0
            ]
        ]
    },
    {
        "ID": 49,
        "Name": "OBJ_TELEDISCC2Z",
        "Type": 57,
        "Scale": 1.0,
        "Transform": [
            [
                0.3598950505256653,
                0.9329928159713745,
                -0.0,
                0.0
            ],
            [
                -0.9329928159713745,
                0.3598950505256653,
                0.0,
                0.0
            ],
            [
                0.0,
                0.0,
                1.0,
                0.0
            ],
            [
                940.0,
                1305.0,
                -71.59999084472656,
                1.0
            ]
        ]
    },
    {
        "ID": 39,
        "Name": "OBJ_TELEDISCB02Z",
        "Type": 57,
        "Scale": 1.0,
        "Transform": [
            [
                0.0735645666718483,
                0.9972904324531555,
                -0.0,
                0.0
            ],
            [
                -0.9972904324531555,
                0.0735645666718483,
                0.0,
                0.0
            ],
            [
                0.0,
                0.0,
                1.0,
                0.0
            ],
            [
                -997.0,
                -693.0,
                -3.200000047683716,
                1.0
            ]
        ]
    },
    {
        "ID": 45,
        "Name": "OBJ_TELEDISCB1Z",
        "Type": 57,
        "Scale": 1.0,
        "Transform": [
            [
                0.99969881772995,
                -0.024541229009628297,
                -0.0,
                0.0
            ],
            [
                0.024541229009628297,
                0.99969881772995,
                0.0,
                0.0
            ],
            [
                0.0,
                -0.0,
                1.0,
                0.0
            ],
            [
                937.0,
                1323.0,
                -71.59999084472656,
                1.0
            ]
        ]
    },
    {
        "ID": 50,
        "Name": "OBJ_TELEDISCB1Z",
        "Type": 57,
        "Scale": 1.0,
        "Transform": [
            [
                -0.5956993103027344,
                -0.803207516670227,
                -0.0,
                0.0
            ],
            [
                0.803207516670227,
                -0.5956993103027344,
                0.0,
                0.0
            ],
            [
                -0.0,
                0.0,
                1.0,
                0.0
            ],
            [
                -1090.0,
                -2439.0,
                -184.1999969482422,
                1.0
            ]
        ]
    },
    {
        "ID": 51,
        "Name": "OBJ_TELEDISCC2Z",
        "Type": 57,
        "Scale": 1.0,
        "Transform": [
            [
                -0.9963126182556152,
                0.08579730987548828,
                -0.0,
                0.0
            ],
            [
                -0.08579730987548828,
                -0.9963126182556152,
                0.0,
                0.0
            ],
            [
                0.0,
                0.0,
                1.0,
                0.0
            ],
            [
                -1100.0,
                -2439.0,
                -184.1999969482422,
                1.0
            ]
        ]
    },
    {
        "ID": 52,
        "Name": "OBJ_TELEDISCD01Z",
        "Type": 57,
        "Scale": 1.0,
        "Transform": [
            [
                0.23105810582637788,
                -0.9729399681091309,
                -0.0,
                0.0
            ],
            [
                0.9729399681091309,
                0.23105810582637788,
                0.0,
                0.0
            ],
            [
                0.0,
                -0.0,
                1.0,
                0.0
            ],
            [
                -1084.0,
                -2430.0,
                -184.1999969482422,
                1.0
            ]
        ]
    },
    {
        "ID": 53,
        "Name": "OBJ_TELEDISCC3Z",
        "Type": 57,
        "Scale": 1.0,
        "Transform": [
            [
                0.46053871512413027,
                -0.8876396417617798,
                -0.0,
                0.0
            ],
            [
                0.8876396417617798,
                0.46053871512413027,
                0.0,
                0.0
            ],
            [
                0.0,
                -0.0,
                1.0,
                0.0
            ],
            [
                -1106.0,
                -2430.0,
                -184.1999969482422,
                1.0
            ]
        ]
    },
    {
        "ID": 54,
        "Name": "OBJ_TELEDISCD02Z",
        "Type": 57,
        "Scale": 1.0,
        "Transform": [
            [
                0.9191138744354248,
                -0.39399203658103945,
                -0.0,
                0.0
            ],
            [
                0.39399203658103945,
                0.9191138744354248,
                0.0,
                0.0
            ],
            [
                0.0,
                -0.0,
                1.0,
                0.0
            ],
            [
                -1087.0,
                -2421.0,
                -184.1999969482422,
                1.0
            ]
        ]
    },
    {
        "ID": 55,
        "Name": "OBJ_TELEDISCC4Z",
        "Type": 57,
        "Scale": 1.0,
        "Transform": [
            [
                -0.3484186828136444,
                -0.9373390078544617,
                -0.0,
                0.0
            ],
            [
                0.9373390078544617,
                -0.3484186828136444,
                0.0,
                0.0
            ],
            [
                -0.0,
                0.0,
                1.0,
                0.0
            ],
            [
                -1103.0,
                -2421.0,
                -184.1999969482422,
                1.0
            ]
        ]
    },
    {
        "ID": 56,
        "Name": "OBJ_TELEDISCC4Z",
        "Type": 57,
        "Scale": 1.0,
        "Transform": [
            [
                0.4164295494556427,
                -0.909168004989624,
                -0.0,
                0.0
            ],
            [
                0.909168004989624,
                0.4164295494556427,
                0.0,
                0.0
            ],
            [
                0.0,
                -0.0,
                1.0,
                0.0
            ],
            [
                2184.0,
                -1873.0,
                -316.6999816894531,
                1.0
            ]
        ]
    },
    {
        "ID": 57,
        "Name": "OBJ_TELEDISCC3Z",
        "Type": 57,
        "Scale": 1.0,
        "Transform": [
            [
                -0.978317379951477,
                0.20711137354373933,
                -0.0,
                0.0
            ],
            [
                -0.20711137354373933,
                -0.978317379951477,
                0.0,
                0.0
            ],
            [
                0.0,
                0.0,
                1.0,
                0.0
            ],
            [
                2188.740966796875,
                -1881.3934326171876,
                -316.6999816894531,
                1.0
            ]
        ]
    },
    {
        "ID": 58,
        "Name": "OBJ_TELEDISCC1Z",
        "Type": 57,
        "Scale": 1.0,
        "Transform": [
            [
                0.7157308459281921,
                0.6983762383460999,
                -0.0,
                0.0
            ],
            [
                -0.6983762383460999,
                0.7157308459281921,
                0.0,
                0.0
            ],
            [
                0.0,
                0.0,
                1.0,
                0.0
            ],
            [
                2199.15625,
                -1882.6475830078126,
                -316.6999816894531,
                1.0
            ]
        ]
    },
    {
        "ID": 59,
        "Name": "OBJ_TELEDISCB1Z",
        "Type": 57,
        "Scale": 1.0,
        "Transform": [
            [
