[
    {
        "ID": 3,
        "Name": "OBJ_FIREPIT00_",
        "Type": 55,
        "Scale": 1.0,
        "Transform": [
            [
                -0.32531028985977175,
                -0.9456073045730591,
                -0.0,
                0.0
            ],
            [
                0.9456073045730591,
                -0.32531028985977175,
                0.0,
                0.0
            ],
            [
                -0.0,
                0.0,
                1.0,
                0.0
            ],
            [
                3637.3125,
                518.64404296875,
                -16.124597549438478,
                1.0
            ]
        ]
    },
    {
        "ID": 8,
        "Name": "OBJ_GYPWAG00_",
        "Type": 55,
        "Scale": 1.0,
        "Transform": [
            [
                0.3136817514896393,
                0.949528157711029,
                -0.0,
                0.0
            ],
            [
                -0.949528157711029,
                0.3136817514896393,
                0.0,
                0.0
            ],
            [
                0.0,
                0.0,
                1.0,
                0.0
            ],
            [
                3637.69287109375,
                582.7379760742188,
                -12.776877403259278,
                1.0
            ]
        ]
    },
    {
        "ID": 9,
        "Name": "OBJ_GYPWAG01_",
        "Type": 55,
        "Scale": 1.0,
        "Transform": [
            [
                -0.978317379951477,
                -0.20711137354373933,
                -0.0,
                0.0
            ],
            [
                0.20711137354373933,
                -0.978317379951477,
                0.0,
                0.0
            ],
            [
                -0.0,
                0.0,
                1.0,
                0.0
            ],
            [
                3698.9404296875,
                530.6492919921875,
                -6.089087963104248,
                1.0
            ]
        ]
    },
    {
        "ID": 10,
        "Name": "OBJ_GYPWAG01_",
        "Type": 55,
        "Scale": 1.0,
        "Transform": [
            [
                -0.21883730590343476,
                0.9745268225669861,
                -0.049067672342061999,
                0.0
            ],
            [
                -0.9757021069526672,
                -0.21910123527050019,
                0.0,
                0.0
            ],
            [
                -0.010750787332654,
                0.047875430434942248,
                0.9987954497337341,
                0.0
            ],
            [
                3646.361083984375,
                461.9863586425781,
                -3.3402860164642336,
                1.0
            ]
        ]
    },
    {
        "ID": 11,
        "Name": "OBJ_FIREPIT00_",
        "Type": 55,
        "Scale": 1.0,
        "Transform": [
            [
                0.5952956080436707,
                0.8026632070541382,
                -0.03680722415447235,
                0.0
            ],
            [
                -0.803207516670227,
                0.5956993103027344,
                0.0,
                0.0
            ],
            [
                0.021926037967205049,
                0.029563838616013528,
                0.9993223547935486,
                0.0
            ],
            [
                3073.3916015625,
                -321.8879089355469,
                35.20582962036133,
                1.0
            ]
        ]
    },
    {
        "ID": 12,
        "Name": "OBJ_GYPWAG01_",
        "Type": 55,
        "Scale": 1.0,
        "Transform": [
            [
                -0.15885815024375916,
                -0.9873014092445374,
                -0.0,
                0.0
            ],
            [
                0.9873014092445374,
                -0.15885815024375916,
                0.0,
                0.0
            ],
            [
                -0.0,
                0.0,
                1.0,
                0.0
            ],
            [
                3083.219970703125,
                -266.9236755371094,
                45.5089225769043,
                1.0
            ]
        ]
    },
    {
        "ID": 13,
        "Name": "OBJ_GYPWAG01_",
        "Type": 55,
        "Scale": 1.0,
        "Transform": [
            [
                0.8819212913513184,
                -0.4713967442512512,
                -0.0,
                0.0
            ],
            [
                0.4713967442512512,
                0.8819212913513184,
                0.0,
                0.0
            ],
            [
                0.0,
                -0.0,
                1.0,
                0.0
            ],
            [
                3023.20654296875,
                -292.94744873046877,
                45.901309967041019,
                1.0
            ]
        ]
    },
    {
        "ID": 14,
        "Name": "OBJ_GYPWAG01_",
        "Type": 55,
        "Scale": 1.0,
        "Transform": [
            [
                -0.810457170009613,
                0.5857978463172913,
                -0.0,
                0.0
            ],
            [
                -0.5857978463172913,
                -0.810457170009613,
                0.0,
                0.0
            ],
            [
                0.0,
                0.0,
                1.0,
                0.0
            ],
            [
                3687.052001953125,
                482.76141357421877,
                -5.66378116607666,
                1.0
            ]
        ]
    },
    {
        "ID": 15,
        "Name": "OBJ_GYPWAG01_",
        "Type": 55,
        "Scale": 1.0,
        "Transform": [
            [
                -0.9184563755989075,
                0.3672982454299927,
                -0.1467304676771164,
                0.0
            ],
            [
                -0.37131720781326296,
                -0.928506076335907,
                0.0,
                0.0
            ],
            [
                -0.1362401247024536,
                0.05448354408144951,
                0.9891765117645264,
                0.0
            ],
            [
                2287.517333984375,
                -47.8963737487793,
                79.079345703125,
                1.0
            ]
        ]
    },
    {
        "ID": 16,
        "Name": "OBJ_GYPWAG01_",
        "Type": 55,
        "Scale": 1.0,
        "Transform": [
            [
                0.39399203658103945,
                0.9191138744354248,
                -0.0,
                0.0
            ],
            [
                -0.9191138744354248,
                0.39399203658103945,
                0.0,
                0.0
            ],
            [
                0.0,
                0.0,
                1.0,
                0.0
            ],
            [
                2221.794921875,
                -74.28059387207031,
                77.329345703125,
                1.0
            ]
        ]
    },
    {
        "ID": 17,
        "Name": "OBJ_GYPWAG00_",
        "Type": 55,
        "Scale": 1.0,
        "Transform": [
            [
                -0.6876721978187561,
                0.7222846746444702,
                0.0735645666718483,
                0.0
            ],
            [
                -0.7242470979690552,
                -0.6895405650138855,
                0.0,
                0.0
            ],
            [
                0.050725750625133517,
                -0.05327892303466797,
                0.9972904324531555,
                0.0
            ],
            [
                2232.930419921875,
                -18.22951889038086,
                71.71258544921875,
                1.0
            ]
        ]
    }
]