[
    {
        "ID": 0,
        "Name": "NERBRAZIER",
        "Type": 55,
        "Scale": 1.0,
        "Transform": [
            [
                0.8046550750732422,
                0.5937221646308899,
                -0.0,
                0.0
            ],
            [
                -0.5937221646308899,
                0.8046550750732422,
                0.0,
                0.0
            ],
            [
                0.0,
                0.0,
                1.0,
                0.0
            ],
            [
                -898.0,
                1145.0,
                -5.030250072479248,
                1.0
            ]
        ]
    },
    {
        "ID": 1,
        "Name": "GNHSEDOOR",
        "Type": 0,
        "Scale": 1.0,
        "Transform": [
            [
                -1.0,
                0.0,
                -0.0,
                0.0
            ],
            [
                -0.0,
                -1.0,
                0.0,
                0.0
            ],
            [
                0.0,
                0.0,
                1.0,
                0.0
            ],
            [
                1085.973388671875,
                -1677.928955078125,
                -4.265724182128906,
                1.0
            ]
        ]
    },
    {
        "ID": 2,
        "Name": "GNHSEDOOR",
        "Type": 0,
        "Scale": 1.0,
        "Transform": [
            [
                -1.0,
                0.0,
                -0.0,
                0.0
            ],
            [
                -0.0,
                -1.0,
                0.0,
                0.0
            ],
            [
                0.0,
                0.0,
                1.0,
                0.0
            ],
            [
                1056.065185546875,
                -1709.1676025390626,
                -3.9517929553985597,
                1.0
            ]
        ]
    },
    {
        "ID": 3,
        "Name": "FAYDOOR",
        "Type": 0,
        "Scale": 1.0,
        "Transform": [
            [
                0.0,
                -1.0,
                -0.0,
                0.0
            ],
            [
                1.0,
                0.0,
                0.0,
                0.0
            ],
            [
                0.0,
                -0.0,
                1.0,
                0.0
            ],
            [
                -301.8505859375,
                1256.00537109375,
                -5.015724182128906,
                1.0
            ]
        ]
    },
    {
        "ID": 4,
        "Name": "FAYDOOR",
        "Type": 0,
        "Scale": 1.0,
        "Transform": [
            [
                0.0,
                -1.0,
                -0.0,
                0.0
            ],
            [
                1.0,
                0.0,
                0.0,
                0.0
            ],
            [
                0.0,
                -0.0,
                1.0,
                0.0
            ],
            [
                -277.609375,
                1234.56787109375,
                -5.015724182128906,
                1.0
            ]
        ]
    },
    {
        "ID": 5,
        "Name": "FAYDOOR",
        "Type": 0,
        "Scale": 1.0,
        "Transform": [
            [
                0.0,
                1.0,
                -0.0,
                0.0
            ],
            [
                -1.0,
                0.0,
                0.0,
                0.0
            ],
            [
                0.0,
                0.0,
                1.0,
                0.0
            ],
            [
                -257.5279846191406,
                1259.73876953125,
                -5.265724182128906,
                1.0
            ]
        ]
    },
    {
        "ID": 6,
        "Name": "MISTPORT700",
        "Type": 55,
        "Scale": 1.0,
        "Transform": [
            [
                0.39399203658103945,
                -0.9191138744354248,
                -0.0,
                0.0
            ],
            [
                0.9191138744354248,
                0.39399203658103945,
                0.0,
                0.0
            ],
            [
                0.0,
                -0.0,
                1.0,
                0.0
            ],
            [
                -764.2666015625,
                3851.662353515625,
                -1.280248999595642,
                1.0
            ]
        ]
    },
    {
        "ID": 7,
        "Name": "MISTFCFN700",
        "Type": 55,
        "Scale": 1.0,
        "Transform": [
            [
                -0.9191138744354248,
                -0.39399203658103945,
                -0.0,
                0.0
            ],
            [
                0.39399203658103945,
                -0.9191138744354248,
                0.0,
                0.0
            ],
            [
                -0.0,
                0.0,
                1.0,
                0.0
            ],
            [
                -760.2013549804688,
                3841.01025390625,
                -1.2199980020523072,
                1.0
            ]
        ]
    },
    {
        "ID": 10,
        "Name": "MISTPORT701",
        "Type": 58,
        "Scale": 1.0,
        "Transform": [
            [
                -0.23105810582637788,
                -0.9729399681091309,
                -0.0,
                0.0
            ],
            [
                0.9729399681091309,
                -0.23105810582637788,
                0.0,
                0.0
            ],
            [
                -0.0,
                0.0,
                1.0,
                0.0
            ],
            [
                -127.4455795288086,
                3877.230712890625,
                -53.59815979003906,
                1.0
            ]
        ]
    },
    {
        "ID": 8,
        "Name": "LEANTO5",
        "Type": 57,
        "Scale": 1.0,
        "Transform": [
            [
                -0.3939623534679413,
                0.9190446734428406,
                0.012271538376808167,
                0.0
            ],
            [
                -0.9191138744354248,
                -0.39399203658103945,
                0.0,
                0.0
            ],
            [
                0.004834888037294149,
                -0.011278940364718438,
                0.9999247193336487,
                0.0
            ],
            [
                -750.75,
                3852.75,
                -12.25,
                1.0
            ]
        ]
    },
    {
        "ID": 9,
        "Name": "LEANTO5",
        "Type": 57,
        "Scale": 1.0,
        "Transform": [
            [
                -0.3939623534679413,
                0.9190446734428406,
                0.012271538376808167,
                0.0
            ],
            [
                -0.9191138744354248,
                -0.39399203658103945,
                0.0,
                0.0
            ],
            [
                0.004834888037294149,
                -0.011278940364718438,
                0.9999247193336487,
                0.0
            ],
            [
                -773.5,
                3842.75,
                -12.25,
                1.0
            ]
        ]
    },
    {
        "ID": 11,
        "Name": "LEANTO5",
        "Type": 54,
        "Scale": 1.0,
        "Transform": [
            [
                -0.03087802603840828,
                0.08004827052354813,
                0.9963126182556152,
                0.0
            ],
            [
                -0.9329928159713745,
                -0.3598950505256653,
                0.0,
                0.0
            ],
            [
                0.3585679531097412,
                -0.9295524954795837,
                0.08579730987548828,
                0.0
            ],
            [
                -780.5,
                3858.5,
                2.0,
                1.0
            ]
        ]
    },
    {
        "ID": 12,
        "Name": "LEANTO5",
        "Type": 54,
        "Scale": 1.0,
        "Transform": [
            [
                -0.03750953450798988,
                0.09055602550506592,
                0.9951847195625305,
                0.0
            ],
            [
                -0.9238795042037964,
                -0.3826834261417389,
                0.0,
                0.0
            ],
            [
                0.3808406889438629,
                -0.9194307327270508,
                0.0980171412229538,
                0.0
            ],
            [
                -756.129150390625,
                3867.723876953125,
                2.8885719776153566,
                1.0
            ]
        ]
    }
]