[
    {
        "ID": 2,
        "Name": "OBJ_FRUITSACKA",
        "Type": 58,
        "Scale": 1.0,
        "Transform": [
            [
                0.7157308459281921,
                0.6983762383460999,
                -0.0,
                0.0
            ],
            [
                -0.6983762383460999,
                0.7157308459281921,
                0.0,
                0.0
            ],
            [
                0.0,
                0.0,
                1.0,
                0.0
            ],
            [
                -575.7479858398438,
                1056.1541748046876,
                83.11726379394531,
                1.0
            ]
        ]
    },
    {
        "ID": 9,
        "Name": "OBJ_FGCFIREB",
        "Type": 53,
        "Scale": 1.0
    },
    {
        "ID": 17,
        "Name": "OBJ_GRAINSACKA",
        "Type": 58,
        "Scale": 1.0,
        "Transform": [
            [
                -0.6806010007858276,
                -0.7326542735099793,
                -0.0,
                0.0
            ],
            [
                0.7326542735099793,
                -0.6806010007858276,
                0.0,
                0.0
            ],
            [
                -0.0,
                0.0,
                1.0,
                0.0
            ],
            [
                -557.8063354492188,
                1205.5489501953126,
                87.53457641601563,
                1.0
            ]
        ]
    },
    {
        "ID": 19,
        "Name": "IT11340",
        "Type": 58,
        "Scale": 1.0099999904632569,
        "Transform": [
            [
                -0.13458070158958436,
                0.9909026622772217,
                -0.0,
                0.0
            ],
            [
                -0.9909026622772217,
                -0.13458070158958436,
                0.0,
                0.0
            ],
            [
                0.0,
                0.0,
                1.0,
                0.0
            ],
            [
                -882.9141235351563,
                1053.656005859375,
                87.55085754394531,
                1.0
            ]
        ]
    },
    {
        "ID": 21,
        "Name": "OBP_SWAMP_BUSHA",
        "Type": 58,
        "Scale": 1.0,
        "Transform": [
            [
                0.89322429895401,
                -0.4496113359928131,
                -0.0,
                0.0
            ],
            [
                0.4496113359928131,
                0.89322429895401,
                0.0,
                0.0
            ],
            [
                0.0,
                -0.0,
                1.0,
                0.0
            ],
            [
                -638.7964477539063,
                -538.9138793945313,
                18.966341018676759,
                1.0
            ]
        ]
    },
    {
        "ID": 31,
        "Name": "OBJ_FGROCKB1",
        "Type": 58,
        "Scale": 0.09999999403953552,
        "Transform": [
            [
                0.7157308459281921,
                0.0,
                0.6983762383460999,
                0.0
            ],
            [
                -0.0,
                1.0,
                0.0,
                0.0
            ],
            [
                -0.6983762383460999,
                -0.0,
                0.7157308459281921,
                0.0
            ],
            [
                -256.10870361328127,
                -924.3895263671875,
                16.532350540161134,
                1.0
            ]
        ]
    },
    {
        "ID": 33,
        "Name": "IT11057",
        "Type": 0,
        "Scale": 3.0,
        "Transform": [
            [
                0.6624158024787903,
                0.7491363883018494,
                -0.0,
                0.0
            ],
            [
                -0.7491363883018494,
                0.6624158024787903,
                0.0,
                0.0
            ],
            [
                0.0,
                0.0,
                1.0,
                0.0
            ],
            [
                51.23273468017578,
                2019.991455078125,
                5.789645195007324,
                1.0
            ]
        ]
    }
]