[
    {
        "ID": 2,
        "Name": "OBJ_ROCKS00",
        "Type": 55,
        "Scale": 2.0,
        "Transform": [
            [
                0.8639077544212341,
                -0.5035004615783691,
                -0.012271538376808167,
                0.0
            ],
            [
                0.5035383701324463,
                0.8639728426933289,
                0.0,
                0.0
            ],
            [
                0.010602275840938092,
                -0.006179190240800381,
                0.9999247193336487,
                0.0
            ],
            [
                -1988.6214599609376,
                3326.492919921875,
                -28.803197860717775,
                1.0
            ]
        ]
    },
    {
        "ID": 3,
        "Name": "OBJ_ROCKE",
        "Type": 55,
        "Scale": 0.19999998807907105,
        "Transform": [
            [
                0.7326542735099793,
                -0.0,
                -0.6806010007858276,
                0.0
            ],
            [
                -0.0,
                -1.0,
                -0.0,
                0.0
            ],
            [
                -0.6806010007858276,
                0.0,
                -0.7326542735099793,
                0.0
            ],
            [
                -1785.0,
                3197.0,
                -5.09290885925293,
                1.0
            ]
        ]
    },
    {
        "ID": 4,
        "Name": "OBJ_SKULL",
        "Type": 59,
        "Scale": 0.19999998807907105,
        "Transform": [
            [
                0.9373390078544617,
                0.3484186828136444,
                -0.0,
                0.0
            ],
            [
                -0.3484186828136444,
                0.9373390078544617,
                0.0,
                0.0
            ],
            [
                0.0,
                0.0,
                1.0,
                0.0
            ],
            [
                1940.0416259765626,
                -1784.864501953125,
                36.900390625,
                1.0
            ]
        ]
    },
    {
        "ID": 5,
        "Name": "OBJ_ROCKE",
        "Type": 55,
        "Scale": 0.5,
        "Transform": [
            [
                -0.9963126182556152,
                -0.08579730987548828,
                -0.0,
                0.0
            ],
            [
                -0.08579730987548828,
                0.9963126182556152,
                -0.0,
                0.0
            ],
            [
                0.0,
                0.0,
                -1.0,
                0.0
            ],
            [
                -1838.0902099609376,
                3014.982177734375,
                -21.512361526489259,
                1.0
            ]
        ]
    },
    {
        "ID": 6,
        "Name": "OBJ_SKULL",
        "Type": 59,
        "Scale": 0.19999998807907105,
        "Transform": [
            [
                0.7460609078407288,
                0.6435565948486328,
                -0.1709618866443634,
                0.0
            ],
            [
                -0.6531728506088257,
                0.7572088241577148,
                0.0,
                0.0
            ],
            [
                0.1294538378715515,
                0.11166765540838242,
                0.9852776527404785,
                0.0
            ],
            [
                2005.23779296875,
                -1852.973876953125,
                27.722402572631837,
                1.0
            ]
        ]
    },
    {
        "ID": 7,
        "Name": "OBJ_SKULL",
        "Type": 59,
        "Scale": 0.14999999105930329,
        "Transform": [
            [
                0.8649753928184509,
                -0.17205430567264558,
                -0.4713967442512512,
                0.0
            ],
            [
                0.19509032368659974,
                0.9807852506637573,
                0.0,
                0.0
            ],
            [
                0.46233895421028139,
                -0.09196493774652481,
                0.8819212913513184,
                0.0
            ],
            [
                2049.285888671875,
                -2005.0625,
                20.399999618530275,
                1.0
            ]
        ]
    },
    {
        "ID": 9,
        "Name": "OBJ_ROCKS00",
        "Type": 55,
        "Scale": 3.0,
        "Transform": [
            [
                0.46053871512413027,
                0.8876396417617798,
                -0.0,
                0.0
            ],
            [
                -0.8876396417617798,
                0.46053871512413027,
                0.0,
                0.0
            ],
            [
                0.0,
                0.0,
                1.0,
                0.0
            ],
            [
                -1924.53076171875,
                2419.261962890625,
                -18.143701553344728,
                1.0
            ]
        ]
    },
    {
        "ID": 10,
        "Name": "OBJ_ROCKS00",
        "Type": 55,
        "Scale": 1.0,
        "Transform": [
            [
                0.5596085786819458,
                -0.8156643509864807,
                0.1467304676771164,
                0.0
            ],
            [
                0.8245893120765686,
                0.5657318234443665,
                0.0,
                0.0
            ],
            [
                -0.08301009237766266,
                0.12099236994981766,
                0.9891765117645264,
                0.0
            ],
            [
                -1901.25,
                2227.75,
                -35.89066696166992,
                1.0
            ]
        ]
    },
    {
        "ID": 12,
        "Name": "OBJ_SKULL",
        "Type": 59,
        "Scale": 0.09999999403953552,
        "Transform": [
            [
                -0.7108608484268189,
                0.540857195854187,
                -0.4496113359928131,
                0.0
            ],
            [
                -0.6055110692977905,
                -0.7958369255065918,
                0.0,
                0.0
            ],
            [
                -0.35781729221343996,
                0.2722446322441101,
                0.89322429895401,
                0.0
            ],
            [
                1991.39404296875,
                -2162.598876953125,
                35.59999465942383,
                1.0
            ]
        ]
    },
    {
        "ID": 11,
        "Name": "OBJ_ROCKE",
        "Type": 55,
        "Scale": 0.5,
        "Transform": [
            [
                0.5253598690032959,
                -0.28081071376800539,
                -0.803207516670227,
                0.0
            ],
            [
                -0.4713967442512512,
                -0.8819212913513184,
                -0.0,
                0.0
            ],
            [
                -0.708365797996521,
                0.3786293864250183,
                -0.5956993103027344,
                0.0
            ],
            [
                -2087.25,
                2340.0,
                -20.17738151550293,
                1.0
            ]
        ]
    },
    {
        "ID": 13,
        "Name": "OBJ_ROCKE",
        "Type": 55,
        "Scale": 1.0,
        "Transform": [
            [
                0.07966332137584686,
                -0.925082266330719,
                0.37131720781326296,
                0.0
            ],
            [
                -0.9963126182556152,
                -0.08579730987548828,
                -0.0,
                0.0
            ],
            [
                0.031858015805482867,
                -0.36994799971580508,
                -0.928506076335907,
                0.0
            ],
            [
                -2186.0,
                1845.75,
                -38.940242767333987,
                1.0
            ]
        ]
    },
    {
        "ID": 14,
        "Name": "OBJ_SKULL",
        "Type": 59,
        "Scale": 0.19999998807907105,
        "Transform": [
            [
                -0.8461415767669678,
                0.30275431275367739,
                -0.43861624598503115,
                0.0
            ],
            [
                -0.3368898630142212,
                -0.9415440559387207,
                0.0,
                0.0
            ],
            [
                -0.4129765033721924,
                0.1477653533220291,
                0.898674488067627,
                0.0
            ],
            [
                1760.5704345703126,
                -2252.709716796875,
                45.369998931884769,
                1.0
            ]
        ]
    },
    {
        "ID": 15,
        "Name": "OBJ_ROCKE",
        "Type": 55,
        "Scale": 0.5,
        "Transform": [
            [
                -0.09037887305021286,
                0.6654495596885681,
                -0.7409511208534241,
                0.0
            ],
            [
                0.9909026622772217,
                0.13458070158958436,
                -0.0,
                0.0
            ],
            [
                0.09971772134304047,
                -0.7342104315757752,
                -0.6715589761734009,
                0.0
            ],
            [
                -1931.0,
                1522.0,
                -35.70257568359375,
                1.0
            ]
        ]
    },
    {
        "ID": 16,
        "Name": "OBJ_SKULL",
        "Type": 59,
        "Scale": 0.14999999105930329,
        "Transform": [
            [
                -0.26716184616088869,
                0.564866304397583,
                -0.7807372212409973,
                0.0
            ],
            [
                -0.903989315032959,
                -0.4275550842285156,
                0.0,
                0.0
            ],
            [
                -0.33380815386772158,
                0.7057780623435974,
                0.6248595118522644,
                0.0
            ],
            [
                1645.73779296875,
                -2130.464599609375,
                50.01198196411133,
                1.0
            ]
        ]
    },
    {
        "ID": 17,
        "Name": "OBJ_ROCKA00",
        "Type": 55,
        "Scale": 5.0,
        "Transform": [
            [
                0.0,
                -1.0,
                -0.0,
                0.0
            ],
            [
                1.0,
                0.0,
                0.0,
                0.0
            ],
            [
                0.0,
                -0.0,
                1.0,
                0.0
            ],
            [
                -2159.0,
                2517.75,
                -17.68100357055664,
                1.0
            ]
        ]
    },
    {
        "ID": 18,
        "Name": "OBJ_SKULL",
        "Type": 59,
        "Scale": 0.19999998807907105,
        "Transform": [
            [
                -0.5921334028244019,
                -0.5637578368186951,
                -0.5758081674575806,
                0.0
            ],
            [
                0.6895405650138855,
                -0.7242470979690552,
                0.0,
                0.0
            ],
            [
                -0.41702738404273989,
                -0.3970430791378021,
                0.8175848126411438,
                0.0
            ],
            [
                1587.2132568359376,
                -2036.3310546875,
                58.62248992919922,
                1.0
            ]
        ]
    },
    {
        "ID": 19,
        "Name": "OBJ_TENT_GNOLLA",
        "Type": 55,
        "Scale": 1.149999976158142,
        "Transform": [
            [
                0.17091038823127747,
                0.9849808812141419,
                0.024541229009628297,
                0.0
            ],
            [
                -0.9852776527404785,
                0.1709618866443634,
                0.0,
                0.0
            ],
            [
                -0.004195614717900753,
                -0.02417992427945137,
                0.99969881772995,
                0.0
            ],
            [
                -1888.8692626953126,
                3313.671875,
                -35.22328567504883,
                1.0
            ]
        ]
    },
    {
        "ID": 20,
        "Name": "OBJ_TENT_GNOLLA",
        "Type": 55,
        "Scale": 1.0,
        "Transform": [
            [
                -0.7071067690849304,
                0.7071067690849304,
                -0.0,
                0.0
            ],
            [
                -0.7071067690849304,
                -0.7071067690849304,
                0.0,
                0.0
            ],
            [
                0.0,
                0.0,
                1.0,
                0.0
            ],
            [
                -1657.1905517578126,
                2314.755126953125,
                -43.30073165893555,
                1.0
            ]
        ]
    },
    {
        "ID": 21,
        "Name": "OBJ_TENT_GNOLLA",
        "Type": 55,
        "Scale": 0.8999999761581421,
        "Transform": [
            [
                0.7955971956253052,
                0.6053286790847778,
                -0.024541229009628297,
                0.0
            ],
            [
                -0.6055110692977905,
                0.7958369255065918,
                0.0,
                0.0
            ],
            [
                0.01953081600368023,
                0.014859985560178757,
                0.99969881772995,
                0.0
            ],
            [
                -1651.447265625,
                2370.936767578125,
                -43.956260681152347,
                1.0
            ]
        ]
    },
    {
        "ID": 22,
        "Name": "OBJ_FIREPIT_OGRE",
        "Type": 55,
        "Scale": 1.0,
        "Transform": [
            [
                -0.9912840127944946,
                -0.12226322293281555,
                -0.049067672342061999,
                0.0
            ],
            [
                0.12241067737340927,
                -0.9924795627593994,
                0.0,
                0.0
            ],
            [
                -0.04869865998625755,
                -0.006006406620144844,
                0.9987954497337341,
                0.0
            ],
            [
                -1627.079833984375,
                2341.761962890625,
                -43.3118896484375,
                1.0
            ]
        ]
    },
    {
        "ID": 25,
        "Name": "OBJ_SKULL",
        "Type": 59,
        "Scale": 0.19999998807907105,
        "Transform": [
            [
                -0.051807042211294177,
                0.8432636260986328,
                -0.5349976420402527,
                0.0
            ],
            [
                -0.9981181025505066,
                -0.06132073700428009,
                0.0,
                0.0
            ],
            [
                -0.03280644863843918,
                0.5339908003807068,
                0.8448535799980164,
                0.0
            ],
            [
                1679.35205078125,
                -1879.480224609375,
                63.94999694824219,
                1.0
            ]
        ]
    },
    {
        "ID": 26,
        "Name": "OBJ_MINECART00",
        "Type": 55,
        "Scale": 2.5,
        "Transform": [
            [
                0.07355902343988419,
                -0.9972153306007385,
                -0.012271538376808167,
                0.0
            ],
            [
                0.9972904324531555,
                0.0735645666718483,
                0.0,
                0.0
            ],
            [
                0.0009027503547258675,
                -0.01223828736692667,
                0.9999247193336487,
                0.0
            ],
            [
                -1907.2447509765626,
                3153.711669921875,
                -47.38383865356445,
                1.0
            ]
        ]
    },
    {
        "ID": 27,
        "Name": "OBJ_MINECART00",
        "Type": 55,
        "Scale": 3.0,
        "Transform": [
            [
                0.928506076335907,
                0.37131720781326296,
                -0.0,
                0.0
            ],
            [
                -0.37131720781326296,
                0.928506076335907,
                0.0,
                0.0
            ],
            [
                0.0,
                0.0,
                1.0,
                0.0
            ],
            [
                -1878.6353759765626,
                3352.968017578125,
                -35.3806266784668,
                1.0
            ]
        ]
    },
    {
        "ID": 28,
        "Name": "OBJ_MINECART00",
        "Type": 55,
        "Scale": 3.0,
        "Transform": [
            [
                0.969373881816864,
                0.2428155243396759,
                0.03680722415447235,
                0.0
            ],
            [
                -0.24298018217086793,
                0.9700312614440918,
                0.0,
                0.0
            ],
            [
                -0.03570415452122688,
                -0.008943425491452217,
                0.9993223547935486,
                0.0
            ],
            [
                -2109.69775390625,
                2576.999267578125,
                -9.740806579589844,
                1.0
            ]
        ]
    },
    {
        "ID": 29,
        "Name": "OBJ_MINECART00",
        "Type": 55,
        "Scale": 2.0,
        "Transform": [
            [
                -0.803207516670227,
                -0.5956993103027344,
                -0.0,
                0.0
            ],
            [
                0.5956993103027344,
                -0.803207516670227,
                0.0,
                0.0
            ],
            [
                -0.0,
                0.0,
                1.0,
                0.0
            ],
            [
                -1634.708251953125,
                2284.236083984375,
                -44.99899673461914,
                1.0
            ]
        ]
    },
    {
        "ID": 30,
        "Name": "OBJ_MINECART00",
        "Type": 55,
        "Scale": 2.0,
        "Transform": [
            [
                -0.9756286144256592,
                0.2190847396850586,
                0.012271538376808167,
                0.0
            ],
            [
                -0.21910123527050019,
                -0.9757021069526672,
                0.0,
                0.0
            ],
            [
                0.0119733652099967,
                -0.002688709180802107,
                0.9999247193336487,
                0.0
            ],
            [
                -1654.7152099609376,
                2276.305419921875,
                -45.21162796020508,
                1.0
            ]
        ]
    },
    {
        "ID": 31,
        "Name": "OBJ_MINECART00",
        "Type": 55,
        "Scale": 3.0,
        "Transform": [
            [
                -0.7071067690849304,
                0.7071067690849304,
                -0.0,
                0.0
            ],
            [
                -0.7071067690849304,
                -0.7071067690849304,
                0.0,
                0.0
            ],
            [
                0.0,
                0.0,
                1.0,
                0.0
            ],
            [
                -1957.68359375,
                2304.36083984375,
                -38.662322998046878,
                1.0
            ]
        ]
    },
    {
        "ID": 32,
        "Name": "OBJ_MINECART00",
        "Type": 55,
        "Scale": 2.0,
        "Transform": [
            [
                0.2548656463623047,
                -0.9669764637947083,
                -0.0,
                0.0
            ],
            [
                0.9669764637947083,
                0.2548656463623047,
                0.0,
                0.0
            ],
            [
                0.0,
                -0.0,
                1.0,
                0.0
            ],
            [
                -1965.438720703125,
                2088.355712890625,
                -39.304080963134769,
                1.0
            ]
        ]
    },
    {
        "ID": 33,
        "Name": "OBJ_MINECART00",
        "Type": 55,
        "Scale": 2.0,
        "Transform": [
            [
                0.0,
                0.9981181025505066,
                -0.06132073700428009,
                0.0
            ],
            [
                -1.0,
                0.0,
                0.0,
                0.0
            ],
            [
                0.0,
                0.06132073700428009,
                0.9981181025505066,
                0.0
            ],
            [
                -2164.5498046875,
                1888.158935546875,
                -46.75465774536133,
                1.0
            ]
        ]
    },
    {
        "ID": 34,
        "Name": "OBJ_MINECART00",
        "Type": 55,
        "Scale": 3.0,
        "Transform": [
            [
                0.08470780402421951,
                -0.9836608171463013,
                0.15885815024375916,
                0.0
            ],
            [
                0.9963126182556152,
                0.08579730987548828,
                0.0,
                0.0
            ],
            [
                -0.013629601337015629,
                0.1582723706960678,
                0.9873014092445374,
                0.0
            ],
            [
                -1886.421875,
                1484.1805419921876,
                -31.29783058166504,
                1.0
            ]
        ]
    },
    {
        "ID": 35,
        "Name": "OBJ_MINECART00",
        "Type": 55,
        "Scale": 3.0,
        "Transform": [
            [
                -0.1456269770860672,
                -0.9817374348640442,
                -0.12241067737340927,
                0.0
            ],
            [
                0.9891765117645264,
                -0.1467304676771164,
                0.0,
                0.0
            ],
            [
                -0.017961375415325166,
                -0.1210857629776001,
                0.9924795627593994,
                0.0
            ],
            [
                -2071.0,
                1647.0,
                -42.47407150268555,
                1.0
            ]
        ]
    },
    {
        "ID": 36,
        "Name": "OBJ_MINECART00",
        "Type": 55,
        "Scale": 2.0,
        "Transform": [
            [
                -0.995413601398468,
                0.07342611998319626,
                0.06132073700428009,
                0.0
            ],
            [
                -0.0735645666718483,
                -0.9972904324531555,
                0.0,
                0.0
            ],
            [
                0.06115458160638809,
                -0.004511033184826374,
                0.9981181025505066,
                0.0
            ],
            [
                -2068.6943359375,
                3280.880126953125,
                -2.7284529209136965,
                1.0
            ]
        ]
    },
    {
        "ID": 37,
        "Name": "OBJ_MINECART00",
        "Type": 55,
        "Scale": 2.0,
        "Transform": [
            [
                -0.5857978463172913,
                -0.810457170009613,
                -0.0,
                0.0
            ],
            [
                0.810457170009613,
                -0.5857978463172913,
                0.0,
                0.0
            ],
            [
                -0.0,
                0.0,
                1.0,
                0.0
            ],
            [
                -2064.044921875,
                2417.423095703125,
                -66.14507293701172,
                1.0
            ]
        ]
    },
    {
        "ID": 38,
        "Name": "OBJ_MINECART00",
        "Type": 55,
        "Scale": 3.0,
        "Transform": [
            [
                0.23105810582637788,
                -0.9729399681091309,
                -0.0,
                0.0
            ],
            [
                0.9729399681091309,
                0.23105810582637788,
                0.0,
                0.0
            ],
            [
                0.0,
                -0.0,
                1.0,
                0.0
            ],
            [
                -1939.383544921875,
                2551.716796875,
                -40.98360061645508,
                1.0
            ]
        ]
    },
    {
        "ID": 39,
        "Name": "OBJ_MINECART00",
        "Type": 55,
        "Scale": 2.0,
        "Transform": [
            [
                -0.5655614137649536,
                -0.8243409395217896,
                -0.024541229009628297,
                0.0
            ],
            [
                0.8245893120765686,
                -0.5657318234443665,
                0.0,
                0.0
            ],
            [
                -0.013883753679692746,
                -0.020236434414982797,
                0.99969881772995,
                0.0
            ],
            [
                -2256.942626953125,
                1622.703125,
                -70.84126281738281,
                1.0
            ]
        ]
    },
    {
        "ID": 40,
        "Name": "OBJ_MINECART00",
        "Type": 55,
        "Scale": 2.0,
        "Transform": [
            [
                -0.4704677164554596,
                -0.10564705729484558,
                -0.8760700821876526,
                0.0
            ],
            [
                0.21910123527050019,
                -0.9757021069526672,
                0.0,
                0.0
            ],
            [
                -0.8547834157943726,
                -0.1919480264186859,
                0.4821837842464447,
                0.0
            ],
            [
                -2235.47705078125,
                1451.1380615234376,
                -51.72475051879883,
                1.0
            ]
        ]
    },
    {
        "ID": 41,
        "Name": "OBJ_MINECART00",
        "Type": 55,
        "Scale": 2.0,
        "Transform": [
            [
                0.8175848126411438,
                0.5758081674575806,
                -0.0,
                0.0
            ],
            [
                -0.5758081674575806,
                0.8175848126411438,
                0.0,
                0.0
            ],
            [
                0.0,
                0.0,
                1.0,
                0.0
            ],
            [
                -2269.1884765625,
                1611.330810546875,
                -71.34571075439453,
                1.0
            ]
        ]
    },
    {
        "ID": 45,
        "Name": "OBJ_SKULL",
        "Type": 59,
        "Scale": 0.09999999403953552,
        "Transform": [
            [
                -0.7097613215446472,
                -0.2638256847858429,
                -0.6531728506088257,
                0.0
            ],
            [
                0.3484186828136444,
                -0.9373390078544617,
                0.0,
                0.0
            ],
            [
                -0.6122443675994873,
                -0.22757761180400849,
                0.7572088241577148,
                0.0
            ],
            [
                1735.55029296875,
                -1807.206298828125,
                61.65999984741211,
                1.0
            ]
        ]
    },
    {
        "ID": 46,
        "Name": "OBJ_SKULL",
        "Type": 59,
        "Scale": 0.29999998211860659,
        "Transform": [
            [
                -0.9674028754234314,
                0.24232180416584016,
                -0.0735645666718483,
                0.0
            ],
            [
                -0.24298018217086793,
                -0.9700312614440918,
                0.0,
                0.0
            ],
            [
                -0.07135992497205734,
                0.01787473075091839,
                0.9972904324531555,
                0.0
            ],
            [
                1828.880126953125,
                -1790.555419921875,
                41.872825622558597,
                1.0
            ]
        ]
    },
    {
        "ID": 47,
        "Name": "OBJ_SIGN_QUESTS",
        "Type": 58,
        "Scale": 2.5,
        "Transform": [
            [
                0.7051907777786255,
                0.7051907777786255,
                -0.0735645666718483,
                0.0
            ],
            [
                -0.7071067690849304,
                0.7071067690849304,
                0.0,
                0.0
            ],
            [
                0.052018001675605777,
                0.052018001675605777,
                0.9972904324531555,
                0.0
            ],
            [
                -568.1823120117188,
                3230.470458984375,
                -29.05596351623535,
                1.0
            ]
        ]
    },
    {
        "ID": 48,
        "Name": "OBJ_RUBBLE",
        "Type": 57,
        "Scale": 0.3999999761581421,
        "Transform": [
            [
                0.6623659133911133,
                -0.7490799427032471,
                -0.012271538376808167,
                0.0
            ],
            [
                0.7491363883018494,
                0.6624158024787903,
                0.0,
                0.0
            ],
            [
                0.008128860034048558,
                -0.009193055331707,
                0.9999247193336487,
                0.0
            ],
            [
                1770.28125,
                2978.0068359375,
                427.4690856933594,
                1.0
            ]
        ]
    },
    {
        "ID": 49,
        "Name": "OBJ_RUBBLE",
        "Type": 57,
        "Scale": 0.14999999105930329,
        "Transform": [
            [
                0.7071067690849304,
                0.7071067690849304,
                -0.0,
                0.0
            ],
            [
                -0.7071067690849304,
                0.7071067690849304,
                0.0,
                0.0
            ],
            [
                0.0,
                0.0,
                1.0,
                0.0
            ],
            [
                1767.2412109375,
                2982.56689453125,
                426.4690856933594,
                1.0
            ]
        ]
    },
    {
        "ID": 50,
        "Name": "OBJ_WITCHTOTEM",
        "Type": 58,
        "Scale": 2.0,
        "Transform": [
            [
                0.99969881772995,
                0.0,
                0.024541229009628297,
                0.0
            ],
            [
                -0.0,
                1.0,
                0.0,
                0.0
            ],
            [
                -0.024541229009628297,
                -0.0,
                0.99969881772995,
                0.0
            ],
            [
                487.11260986328127,
                -2422.880126953125,
                108.07111358642578,
                1.0
            ]
        ]
    },
    {
        "ID": 51,
        "Name": "OBJ_BUCKET_GLD",
        "Type": 59,
        "Scale": 1.0,
        "Transform": [
            [
                0.9939069747924805,
                0.0,
                -0.11022220551967621,
                0.0
            ],
            [
                0.0,
                1.0,
                0.0,
                0.0
            ],
            [
                0.11022220551967621,
                0.0,
                0.9939069747924805,
                0.0
            ],
            [
                -995.8177490234375,
                -2270.7685546875,
                182.02699279785157,
                1.0
            ]
        ]
    },
    {
        "ID": 52,
        "Name": "OBJ_WITCHTOTEM",
        "Type": 58,
        "Scale": 2.2199997901916506,
        "Transform": [
            [
                0.4374277591705322,
                -0.8962394595146179,
                0.0735645666718483,
                0.0
            ],
            [
                0.898674488067627,
                0.43861624598503115,
                0.0,
                0.0
            ],
            [
                -0.032266613095998767,
                0.06611059606075287,
                0.9972904324531555,
                0.0
            ],
            [
                520.723876953125,
                -2368.3974609375,
                105.54883575439453,
                1.0
            ]
        ]
    },
    {
        "ID": 53,
        "Name": "OBJ_BUCKET_GLD",
        "Type": 59,
        "Scale": 1.0,
        "Transform": [
            [
                -0.9850156307220459,
                0.12149009108543396,
                0.12241067737340927,
                0.0
            ],
            [
                -0.12241067737340927,
                -0.9924795627593994,
                0.0,
                0.0
            ],
            [
                0.12149009108543396,
                -0.014984373934566975,
                0.9924795627593994,
                0.0
            ],
            [
                -1081.2325439453126,
                -2341.751708984375,
                191.60865783691407,
                1.0
            ]
        ]
    },
    {
        "ID": 54,
        "Name": "OBJ_WITCHTOTEM",
        "Type": 58,
        "Scale": 2.0,
        "Transform": [
            [
                -0.7156769633293152,
                0.6983236074447632,
                0.012271538376808167,
                0.0
            ],
            [
                -0.6983762383460999,
                -0.7157308459281921,
                0.0,
                0.0
            ],
            [
                0.00878311786800623,
                -0.008570150472223759,
                0.9999247193336487,
                0.0
            ],
            [
                1835.4981689453126,
                -2552.111083984375,
                106.07063293457031,
                1.0
            ]
        ]
    },
    {
        "ID": 55,
        "Name": "OBJ_BUCKET_GLD",
        "Type": 59,
        "Scale": 1.0,
        "Transform": [
            [
                0.0,
                -0.9993223547935486,
                -0.03680722415447235,
                0.0
            ],
            [
                1.0,
                0.0,
                0.0,
                0.0
            ],
            [
                0.0,
                -0.03680722415447235,
                0.9993223547935486,
                0.0
            ],
            [
                -1174.002685546875,
                -2338.448974609375,
                188.949462890625,
                1.0
            ]
        ]
    },
    {
        "ID": 56,
        "Name": "OBJ_WITCHTOTEM",
        "Type": 58,
        "Scale": 2.1499998569488527,
        "Transform": [
            [
                0.8240305185317993,
                0.5653484463691711,
                -0.03680722415447235,
                0.0
            ],
            [
                -0.5657318234443665,
                0.8245893120765686,
                0.0,
                0.0
            ],
            [
                0.03035084344446659,
                0.02082301676273346,
                0.9993223547935486,
                0.0
            ],
            [
                1894.09814453125,
                -2540.953125,
                105.89118194580078,
                1.0
            ]
        ]
    },
    {
        "ID": 57,
        "Name": "OBJ_BUCKET_STRP",
        "Type": 59,
        "Scale": 1.0,
        "Transform": [
            [
                0.0,
                -0.9873014092445374,
                -0.15885815024375916,
                0.0
            ],
            [
                1.0,
                0.0,
                0.0,
                0.0
            ],
            [
                0.0,
                -0.15885815024375916,
                0.9873014092445374,
                0.0
            ],
            [
                -984.3343505859375,
                -2404.736083984375,
                172.0186767578125,
                1.0
            ]
        ]
    },
    {
        "ID": 58,
        "Name": "OBJ_WITCHTOTEM",
        "Type": 58,
        "Scale": 2.1999998092651369,
        "Transform": [
            [
                0.732433557510376,
                0.6803959608078003,
                0.024541229009628297,
                0.0
            ],
            [
                -0.6806010007858276,
                0.7326542735099793,
                0.0,
                0.0
            ],
            [
                -0.017980234697461129,
                -0.016702784225344659,
                0.99969881772995,
                0.0
            ],
            [
                1088.6746826171876,
                -1587.2203369140626,
                -80.62249755859375,
                1.0
            ]
        ]
    },
    {
        "ID": 59,
        "Name": "OBJ_BUCKET_STRP",
        "Type": 59,
        "Scale": 1.0,
        "Transform": [
            [
                0.2717522382736206,
                0.9370940327644348,
                0.21910123527050019,
                0.0
            ],
            [
                -0.9604305028915405,
                0.2785196900367737,
                0.0,
                0.0
            ],
            [
                -0.061024006456136706,
                -0.21043150126934052,
                0.9757021069526672,
                0.0
            ],
            [
                -1073.523681640625,
                -2472.455810546875,
                171.47532653808595,
                1.0
            ]
        ]
    },
    {
        "ID": 60,
        "Name": "OBJ_WITCHTOTEM",
        "Type": 0,
        "Scale": 2.0,
        "Transform": [
            [
                0.9981181025505066,
                0.0,
                -0.06132073700428009,
                0.0
            ],
            [
                0.0,
                1.0,
                0.0,
                0.0
            ],
            [
                0.06132073700428009,
                0.0,
                0.9981181025505066,
                0.0
            ],
            [
                801.1646728515625,
                -1896.5433349609376,
                -87.88196563720703,
                1.0
            ]
        ]
    },
    {
        "ID": 61,
        "Name": "OBJ_BUCKET_STRP",
        "Type": 59,
        "Scale": 1.0,
        "Transform": [
            [
                -0.1190982386469841,
                0.9656230211257935,
                0.23105810582637788,
                0.0
            ],
            [
                -0.9924795627593994,
                -0.12241067737340927,
                0.0,
                0.0
            ],
            [
                0.02828397788107395,
                -0.2293204367160797,
                0.9729399681091309,
                0.0
            ],
            [
                -1188.6058349609376,
                -2459.4375,
                167.81065368652345,
                1.0
            ]
        ]
    },
    {
        "ID": 62,
        "Name": "OBJ_WITCHTOTEM",
        "Type": 58,
        "Scale": 1.9499999284744263,
        "Transform": [
            [
                0.9939069747924805,
                0.0,
                0.11022220551967621,
                0.0
            ],
            [
                -0.0,
                1.0,
                0.0,
                0.0
            ],
            [
