[
    {
        "ID": 6,
        "Name": "OBJ_IK_EGGA",
        "Type": 58,
        "Scale": 1.0,
        "Transform": [
            [
                0.8240305185317993,
                -0.5653484463691711,
                -0.03680722415447235,
                0.0
            ],
            [
                0.5657318234443665,
                0.8245893120765686,
                0.0,
                0.0
            ],
            [
                0.03035084344446659,
                -0.02082301676273346,
                0.9993223547935486,
                0.0
            ],
            [
                -136.75,
                506.75,
                -46.75,
                1.0
            ]
        ]
    },
    {
        "ID": 7,
        "Name": "OBJ_IK_EGGA",
        "Type": 58,
        "Scale": 1.0,
        "Transform": [
            [
                -0.141884908080101,
                0.9565103650093079,
                -0.2548656463623047,
                0.0
            ],
            [
                -0.9891765117645264,
                -0.1467304676771164,
                0.0,
                0.0
            ],
            [
                -0.03739655390381813,
                0.25210708379745486,
                0.9669764637947083,
                0.0
            ],
            [
                -196.0,
                355.0,
                -84.5,
                1.0
            ]
        ]
    },
    {
        "ID": 8,
        "Name": "OBJ_IK_EGGA",
        "Type": 58,
        "Scale": 1.0,
        "Transform": [
            [
                0.7783355116844177,
                -0.607418954372406,
                -0.15885815024375916,
                0.0
            ],
            [
                0.6152315735816956,
                0.7883464097976685,
                0.0,
                0.0
            ],
            [
                0.12523524463176728,
                -0.09773454815149307,
                0.9873014092445374,
                0.0
            ],
            [
                -202.75,
                331.75,
                -84.75,
                1.0
            ]
        ]
    },
    {
        "ID": 9,
        "Name": "OBJ_IK_EGGA",
        "Type": 58,
        "Scale": 1.0,
        "Transform": [
            [
                -0.3864215612411499,
                -0.9014533162117004,
                -0.19509032368659974,
                0.0
            ],
            [
                0.9191138744354248,
                -0.39399203658103945,
                0.0,
                0.0
            ],
            [
                -0.07686403393745423,
                -0.17931021749973298,
                0.9807852506637573,
                0.0
            ],
            [
                -275.75,
                221.0,
                -47.75,
                1.0
            ]
        ]
    },
    {
        "ID": 10,
        "Name": "OBJ_IK_EGGA",
        "Type": 58,
        "Scale": 1.0,
        "Transform": [
            [
                -0.8639728426933289,
                -0.5035383701324463,
                -0.0,
                0.0
            ],
            [
                0.5035383701324463,
                -0.8639728426933289,
                0.0,
                0.0
            ],
            [
                -0.0,
                0.0,
                1.0,
                0.0
            ],
            [
                -175.0,
                132.5,
                -18.25,
                1.0
            ]
        ]
    }
]