[
    {
        "ID": 2,
        "Name": "OBJ_MILLBLADES",
        "Type": 157,
        "Scale": 1.0,
        "Transform": [
            [
                -0.689804196357727,
                -0.6730782389640808,
                -0.2667127549648285,
                0.0
            ],
            [
                0.6983762383460999,
                -0.7157308459281921,
                0.0,
                0.0
            ],
            [
                -0.19089454412460328,
                -0.18626584112644196,
                0.9637760519981384,
                0.0
            ],
            [
                -92.93634796142578,
                -501.5084228515625,
                146.96827697753907,
                1.0
            ]
        ]
    },
    {
        "ID": 1,
        "Name": "OBJ_MILLBLADES",
        "Type": 157,
        "Scale": 1.0,
        "Transform": [
            [
                0.6979029774665833,
                0.71524578332901,
                -0.03680722415447235,
                0.0
            ],
            [
                0.7157308459281921,
                -0.6983762383460999,
                -0.0,
                0.0
            ],
            [
                -0.025705289095640184,
                -0.026344064623117448,
                -0.9993223547935486,
                0.0
            ],
            [
                65.73946380615235,
                -507.7403259277344,
                146.9679718017578,
                1.0
            ]
        ]
    },
    {
        "ID": 3,
        "Name": "OBJ_MILLBLADES",
        "Type": 157,
        "Scale": 1.0,
        "Transform": [
            [
                -0.6312182545661926,
                -0.6159128546714783,
                0.4713967442512512,
                0.0
            ],
            [
                0.6983762383460999,
                -0.7157308459281921,
                0.0,
                0.0
            ],
            [
                0.3373931646347046,
                0.3292122781276703,
                0.8819212913513184,
                0.0
            ],
            [
                130.62522888183595,
                -655.81591796875,
                146.9679718017578,
                1.0
            ]
        ]
    },
    {
        "ID": 5,
        "Name": "OBJ_DOOR_GNOMEHUT",
        "Type": 76,
        "Scale": 1.0,
        "Transform": [
            [
                0.0,
                1.0,
                -0.0,
                0.0
            ],
            [
                -1.0,
                0.0,
                0.0,
                0.0
            ],
            [
                0.0,
                0.0,
                1.0,
                0.0
            ],
            [
                -1105.7291259765626,
                -1413.8992919921876,
                7.489999771118164,
                1.0
            ]
        ]
    },
    {
        "ID": 6,
        "Name": "OBJ_DOOR_GNOMEHUT",
        "Type": 76,
        "Scale": 1.0,
        "Transform": [
            [
                0.3368898630142212,
                -0.9415440559387207,
                -0.0,
                0.0
            ],
            [
                0.9415440559387207,
                0.3368898630142212,
                0.0,
                0.0
            ],
            [
                0.0,
                -0.0,
                1.0,
                0.0
            ],
            [
                -1243.1995849609376,
                -1471.1649169921876,
                7.4529900550842289,
                1.0
            ]
        ]
    },
    {
        "ID": 8,
        "Name": "OBJ_DOOR_OBSERVATORY",
        "Type": 76,
        "Scale": 1.0,
        "Transform": [
            [
                -0.765167236328125,
                -0.6438315510749817,
                -0.0,
                0.0
            ],
            [
                0.6438315510749817,
                -0.765167236328125,
                0.0,
                0.0
            ],
            [
                -0.0,
                0.0,
                1.0,
                0.0
            ],
            [
                -1231.3487548828126,
                -1398.55712890625,
                8.299994468688965,
                1.0
            ]
        ]
    },
    {
        "ID": 9,
        "Name": "OBJ_DOOR_OBSERVATORY",
        "Type": 76,
        "Scale": 1.0,
        "Transform": [
            [
                0.3368898630142212,
                0.9415440559387207,
                -0.0,
                0.0
            ],
            [
                -0.9415440559387207,
                0.3368898630142212,
                0.0,
                0.0
            ],
            [
                0.0,
                0.0,
                1.0,
                0.0
            ],
            [
                -1256.3072509765626,
                429.19561767578127,
                8.349998474121094,
                1.0
            ]
        ]
    },
    {
        "ID": 7,
        "Name": "OBJ_DOOR_GNOMEHUT",
        "Type": 76,
        "Scale": 1.0,
        "Transform": [
            [
                0.9415440559387207,
                -0.3368898630142212,
                -0.0,
                0.0
            ],
            [
                0.3368898630142212,
                0.9415440559387207,
                0.0,
                0.0
            ],
            [
                0.0,
                -0.0,
                1.0,
                0.0
            ],
            [
                -1426.845458984375,
                354.56707763671877,
                7.447813987731934,
                1.0
            ]
        ]
    },
    {
        "ID": 10,
        "Name": "OBJ_DOOR_GNOMEHUT",
        "Type": 76,
        "Scale": 1.0,
        "Transform": [
            [
                -0.765167236328125,
                -0.6438315510749817,
                -0.0,
                0.0
            ],
            [
                0.6438315510749817,
                -0.765167236328125,
                0.0,
                0.0
            ],
            [
                -0.0,
                0.0,
                1.0,
                0.0
            ],
            [
                -1449.23779296875,
                804.189208984375,
                7.478631973266602,
                1.0
            ]
        ]
    },
    {
        "ID": 11,
        "Name": "OBJ_DOOR_OBSERVATORY",
        "Type": 76,
        "Scale": 1.0,
        "Transform": [
            [
                -1.0,
                0.0,
                -0.0,
                0.0
            ],
            [
                -0.0,
                -1.0,
                0.0,
                0.0
            ],
            [
                0.0,
                0.0,
                1.0,
                0.0
            ],
            [
                -1285.4635009765626,
                699.9957275390625,
                8.324010848999024,
                1.0
            ]
        ]
    },
    {
        "ID": 12,
        "Name": "OBJ_DOOR_GNOMEHUT",
        "Type": 76,
        "Scale": 1.0,
        "Transform": [
            [
                0.49289819598197939,
                0.8700869679450989,
                -0.0,
                0.0
            ],
            [
                -0.8700869679450989,
                0.49289819598197939,
                0.0,
                0.0
            ],
            [
                0.0,
                0.0,
                1.0,
                0.0
            ],
            [
                1636.8310546875,
                -323.62615966796877,
                7.541240215301514,
                1.0
            ]
        ]
    },
    {
        "ID": 13,
        "Name": "OBJ_DOOR_GNOMEHUT",
        "Type": 76,
        "Scale": 1.0,
        "Transform": [
            [
                -1.0,
                0.0,
                -0.0,
                0.0
            ],
            [
                -0.0,
                -1.0,
                0.0,
                0.0
            ],
            [
                0.0,
                0.0,
                1.0,
                0.0
            ],
            [
                1582.75,
                -253.97940063476563,
                7.44999885559082,
                1.0
            ]
        ]
    },
    {
        "ID": 4,
        "Name": "OBJ_DOOR_BLOCKER",
        "Type": 1,
        "Scale": 1.0,
        "Transform": [
            [
                -0.9999247193336487,
                0.012271538376808167,
                -0.0,
                0.0
            ],
            [
                -0.012271538376808167,
                -0.9999247193336487,
                0.0,
                0.0
            ],
            [
                0.0,
                0.0,
                1.0,
                0.0
            ],
            [
                1458.5086669921876,
                -2193.831298828125,
                35.13425064086914,
                1.0
            ]
        ]
    },
    {
        "ID": 22,
        "Name": "OBJ_POK_BOOK_",
        "Type": 58,
        "Scale": 1.0,
        "Transform": [
            [
                -0.6624158024787903,
                -0.7491363883018494,
                -0.0,
                0.0
            ],
            [
                0.7491363883018494,
                -0.6624158024787903,
                0.0,
                0.0
            ],
            [
                -0.0,
                0.0,
                1.0,
                0.0
            ],
            [
                -1135.2252197265626,
                951.8812866210938,
                3.3557729721069338,
                1.0
            ]
        ]
    },
    {
        "ID": 104,
        "Name": "OBJ_BRIDGE_BLIMP",
        "Type": 55,
        "Scale": 1.0,
        "Transform": [
            [
                1.0,
                0.0,
                -0.0,
                0.0
            ],
            [
                0.0,
                1.0,
                0.0,
                0.0
            ],
            [
                0.0,
                0.0,
                1.0,
                0.0
            ],
            [
                -1084.9578857421876,
                -1141.65966796875,
                -20.61699867248535,
                1.0
            ]
        ]
    }
]