[
    {
        "ID": 15,
        "Name": "OBJ_ASTEROID_A",
        "Type": 156,
        "Scale": 1.75,
        "Transform": [
            [
                0.555596649646759,
                -0.24071571230888368,
                -0.7958369255065918,
                0.0
            ],
            [
                0.3975414037704468,
                0.9175664782524109,
                0.0,
                0.0
            ],
            [
                0.7302332520484924,
                -0.316378116607666,
                0.6055110692977905,
                0.0
            ],
            [
                1132.86474609375,
                1056.01904296875,
                108.2129898071289,
                1.0
            ]
        ]
    },
    {
        "ID": 16,
        "Name": "OBJ_ASTEROID_A",
        "Type": 156,
        "Scale": 2.25,
        "Transform": [
            [
                -0.22202154994010926,
                -0.7068957090377808,
                -0.6715589761734009,
                0.0
            ],
            [
                0.9540383219718933,
                -0.29964399337768557,
                0.0,
                0.0
            ],
            [
                -0.20122860372066499,
                -0.640692949295044,
                0.7409511208534241,
                0.0
            ],
            [
                -1131.0496826171876,
                -38.35567092895508,
                103.47758483886719,
                1.0
            ]
        ]
    },
    {
        "ID": 24,
        "Name": "OBJ_ASTEROID_A",
        "Type": 157,
        "Scale": 2.0,
        "Transform": [
            [
                -0.9284361600875855,
                0.3712892532348633,
                0.012271538376808167,
                0.0
            ],
            [
                -0.37131720781326296,
                -0.928506076335907,
                0.0,
                0.0
            ],
            [
                0.01139419712126255,
                -0.004556633066385984,
                0.9999247193336487,
                0.0
            ],
            [
                1148.3243408203126,
                1169.3714599609376,
                97.4629898071289,
                1.0
            ]
        ]
    },
    {
        "ID": 2,
        "Name": "OBJ_ASTEROID_G",
        "Type": 156,
        "Scale": 1.5,
        "Transform": [
            [
                0.6861870884895325,
                -0.5630725622177124,
                0.46053871512413027,
                0.0
            ],
            [
                0.6343481540679932,
                0.7730469703674316,
                0.0,
                0.0
            ],
            [
                -0.3560180366039276,
                0.292141854763031,
                0.8876396417617798,
                0.0
            ],
            [
                1135.9947509765626,
                943.7371215820313,
                108.2129898071289,
                1.0
            ]
        ]
    },
    {
        "ID": 5,
        "Name": "OBJ_ASTEROID_G",
        "Type": 156,
        "Scale": 1.75,
        "Transform": [
            [
                0.6151666641235352,
                0.7460507154464722,
                0.2548656463623047,
                0.0
            ],
            [
                -0.7715293765068054,
                0.6361754536628723,
                0.0,
                0.0
            ],
            [
                -0.16213926672935487,
                -0.19663631916046143,
                0.9669764637947083,
                0.0
            ],
            [
                1111.359375,
                811.7596435546875,
                108.2129898071289,
                1.0
            ]
        ]
    },
    {
        "ID": 11,
        "Name": "OBJ_ASTEROID_G",
        "Type": 156,
        "Scale": 1.75,
        "Transform": [
            [
                0.9380194544792175,
                -0.11942911893129349,
                -0.32531028985977175,
                0.0
            ],
            [
                0.12629885971546174,
                0.991975724697113,
                0.0,
                0.0
            ],
            [
                0.3226999044418335,
                -0.04108631610870361,
                0.9456073045730591,
                0.0
            ],
            [
                -748.970458984375,
                -189.7050018310547,
                59.7952995300293,
                1.0
            ]
        ]
    },
    {
        "ID": 14,
        "Name": "OBJ_ASTEROID_A",
        "Type": 156,
        "Scale": 1.75,
        "Transform": [
            [
                0.44750145077705386,
                -0.40789249539375307,
                -0.7958369255065918,
                0.0
            ],
            [
                0.6736334562301636,
                0.7390475273132324,
                0.0,
                0.0
            ],
            [
                0.588161289691925,
                -0.5361023545265198,
                0.6055110692977905,
                0.0
            ],
            [
                -853.8016357421875,
                -139.8885498046875,
                86.13629150390625,
                1.0
            ]
        ]
    },
    {
        "ID": 18,
        "Name": "OBJ_ASTEROID_G",
        "Type": 156,
        "Scale": 1.75,
        "Transform": [
            [
                -0.8639728426933289,
                0.5035383701324463,
                -0.0,
                0.0
            ],
            [
                -0.5035383701324463,
                -0.8639728426933289,
                0.0,
                0.0
            ],
            [
                0.0,
                0.0,
                1.0,
                0.0
            ],
            [
                -1272.62841796875,
                47.21673583984375,
                126.65436553955078,
                1.0
            ]
        ]
    },
    {
        "ID": 19,
        "Name": "OBJ_ASTEROID_A",
        "Type": 156,
        "Scale": 1.75,
        "Transform": [
            [
                0.5248497724533081,
                0.41894829273223879,
                0.7409511208534241,
                0.0
            ],
            [
                -0.6238443851470947,
                0.7815394401550293,
                0.0,
                0.0
            ],
            [
                -0.5790824890136719,
                -0.4622381925582886,
                0.6715589761734009,
                0.0
            ],
            [
                -1338.8887939453126,
                138.3213348388672,
                112.26420593261719,
                1.0
            ]
        ]
    },
    {
        "ID": 20,
        "Name": "OBJ_ASTEROID_G",
        "Type": 156,
        "Scale": 1.2999999523162842,
        "Transform": [
            [
                -0.25403857231140139,
                -0.9108341932296753,
                -0.32531028985977175,
                0.0
            ],
            [
                0.9632267355918884,
                -0.26865124702453616,
                0.0,
                0.0
            ],
            [
                -0.08739501237869263,
                -0.31334754824638369,
                0.9456073045730591,
                0.0
            ],
            [
                -1410.084228515625,
                208.5277099609375,
                120.73123168945313,
                1.0
            ]
        ]
    },
    {
        "ID": 21,
        "Name": "OBJ_ASTEROID_A",
        "Type": 156,
        "Scale": 1.5,
        "Transform": [
            [
                -0.6703000068664551,
                -0.1179186999797821,
                -0.7326542735099793,
                0.0
            ],
            [
                0.17325672507286073,
                -0.9848648905754089,
                0.0,
                0.0
            ],
            [
                -0.7215654253959656,
                -0.12693727016448975,
                0.6806010007858276,
                0.0
            ],
            [
                -997.9248657226563,
                -101.43324279785156,
                101.56888580322266,
                1.0
            ]
        ]
    },
    {
        "ID": 34,
        "Name": "OBJ_ASTEROID_A",
        "Type": 156,
        "Scale": 1.75,
        "Transform": [
            [
                0.1839783489704132,
                0.576878011226654,
                -0.7958369255065918,
                0.0
            ],
            [
                -0.9527125954627991,
                0.3038398027420044,
                0.0,
                0.0
            ],
            [
                0.24180692434310914,
                0.7582038044929504,
                0.6055110692977905,
                0.0
            ],
            [
                865.8871459960938,
                303.75848388671877,
                33.07022476196289,
                1.0
            ]
        ]
    },
    {
        "ID": 37,
        "Name": "OBJ_ASTEROID_G",
        "Type": 156,
        "Scale": 1.25,
        "Transform": [
            [
                -0.6830617189407349,
                0.5485543012619019,
                -0.4821837842464447,
                0.0
            ],
            [
                -0.6261534690856934,
                -0.7796884775161743,
                0.0,
                0.0
            ],
            [
                -0.37595313787460329,
                0.3019210398197174,
                0.8760700821876526,
                0.0
            ],
            [
                1097.005126953125,
                677.657958984375,
                74.25877380371094,
                1.0
            ]
        ]
    },
    {
        "ID": 38,
        "Name": "OBJ_ASTEROID_A",
        "Type": 156,
        "Scale": 1.75,
        "Transform": [
            [
                -0.49108079075813296,
                0.4445573389530182,
                0.7491363883018494,
                0.0
            ],
            [
                -0.6711152791976929,
                -0.7413482666015625,
                0.0,
                0.0
            ],
            [
                0.5553709268569946,
                -0.5027568340301514,
                0.6624158024787903,
                0.0
            ],
            [
                1115.8037109375,
                587.8265380859375,
                81.86860656738281,
                1.0
            ]
        ]
    },
    {
        "ID": 39,
        "Name": "OBJ_ASTEROID_G",
        "Type": 156,
        "Scale": 1.75,
        "Transform": [
            [
                -0.20959854125976563,
                -0.8846749067306519,
                -0.4164295494556427,
                0.0
            ],
            [
                0.973059892654419,
                -0.23053885996341706,
                0.0,
                0.0
            ],
            [
                -0.09600318968296051,
                -0.4052108824253082,
                0.909168004989624,
                0.0
            ],
            [
                988.7864379882813,
                457.1257019042969,
                72.83562469482422,
                1.0
            ]
        ]
    },
    {
        "ID": 40,
        "Name": "OBJ_ASTEROID_A",
        "Type": 156,
        "Scale": 1.75,
        "Transform": [
            [
                -0.7814839482307434,
                -0.10370803624391556,
                0.6152315735816956,
                0.0
            ],
            [
                -0.1315513551235199,
                0.9912951588630676,
                -0.0,
                0.0
            ],
            [
                -0.6098760366439819,
                -0.0809345468878746,
                -0.7883464097976685,
                0.0
            ],
            [
                960.42529296875,
                390.7572937011719,
                45.923282623291019,
                1.0
            ]
        ]
    },
    {
        "ID": 48,
        "Name": "OBJ_ASTEROID_G",
        "Type": 156,
        "Scale": 0.8999999761581421,
        "Transform": [
            [
                -0.7551356554031372,
                0.6360254287719727,
                -0.15885815024375916,
                0.0
            ],
            [
                -0.6442059874534607,
                -0.7648481726646423,
                0.0,
                0.0
            ],
            [
                -0.1215023621916771,
                0.10233736783266068,
                0.9873014092445374,
                0.0
            ],
            [
                -1474.8555908203126,
                302.6518249511719,
                108.64427185058594,
                1.0
            ]
        ]
    },
    {
        "ID": 49,
        "Name": "OBJ_ASTEROID_A",
        "Type": 156,
        "Scale": 1.0,
        "Transform": [
            [
                0.5955198407173157,
                -0.0146191930398345,
                -0.803207516670227,
                0.0
            ],
            [
                0.024541229009628297,
                0.99969881772995,
                0.0,
                0.0
            ],
            [
                0.8029655814170837,
                -0.019711699336767198,
                0.5956993103027344,
                0.0
            ],
            [
                -1486.579833984375,
                392.9863586425781,
                105.11909484863281,
                1.0
            ]
        ]
    },
    {
        "ID": 50,
        "Name": "OBJ_ASTEROID_G",
        "Type": 156,
        "Scale": 0.75,
        "Transform": [
            [
                -0.5349976420402527,
                0.8448535799980164,
                -0.0,
                0.0
            ],
            [
                -0.8448535799980164,
                -0.5349976420402527,
                0.0,
                0.0
            ],
            [
                0.0,
                0.0,
                1.0,
                0.0
            ],
            [
                -1531.3211669921876,
                442.0970458984375,
                96.7950668334961,
                1.0
            ]
        ]
    },
    {
        "ID": 51,
        "Name": "OBJ_ASTEROID_A",
        "Type": 156,
        "Scale": 0.5999999642372131,
        "Transform": [
            [
                -0.7167683839797974,
                -0.15174102783203126,
                -0.6806010007858276,
                0.0
            ],
            [
                0.20711137354373933,
                -0.978317379951477,
                0.0,
                0.0
            ],
            [
                -0.6658437848091126,
                -0.1409602016210556,
                0.7326542735099793,
                0.0
            ],
            [
                -1525.28466796875,
                486.0196228027344,
                102.2474365234375,
                1.0
            ]
        ]
    },
    {
        "ID": 55,
        "Name": "OBP_BELT_A",
        "Type": 55,
        "Scale": 0.8999999761581421,
        "Transform": [
            [
                -0.765167236328125,
                0.6438315510749817,
                -0.0,
                0.0
            ],
            [
                -0.6438315510749817,
                -0.765167236328125,
                0.0,
                0.0
            ],
            [
                0.0,
                0.0,
                1.0,
                0.0
            ],
            [
                1083.9876708984376,
                1309.395751953125,
                114.7980728149414,
                1.0
            ]
        ]
    },
    {
        "ID": 56,
        "Name": "OBP_BELT_A",
        "Type": 55,
        "Scale": 0.8499999642372131,
        "Transform": [
            [
                -0.7954609394073486,
                0.5602267384529114,
                -0.23105810582637788,
                0.0
            ],
            [
                -0.5758081674575806,
                -0.8175848126411438,
                0.0,
                0.0
            ],
            [
                -0.1889095902442932,
                0.13304513692855836,
                0.9729399681091309,
                0.0
            ],
            [
                972.3681640625,
                1479.2169189453126,
                87.83667755126953,
                1.0
            ]
        ]
    },
    {
        "ID": 57,
        "Name": "OBP_BELT_A",
        "Type": 55,
        "Scale": 0.7999999523162842,
        "Transform": [
            [
                -0.8545657992362976,
                0.51220703125,
                0.08579730987548828,
                0.0
            ],
            [
                -0.5141027569770813,
                -0.8577286005020142,
                0.0,
                0.0
            ],
            [
                0.07359080016613007,
                -0.04410863295197487,
                0.9963126182556152,
                0.0
            ],
            [
                841.4287719726563,
                1622.7308349609376,
                74.88546752929688,
                1.0
            ]
        ]
    },
    {
        "ID": 58,
        "Name": "OBP_BELT_A",
        "Type": 55,
        "Scale": 0.75,
        "Transform": [
            [
                -0.9403582811355591,
                0.26023218035697939,
                -0.21910123527050019,
                0.0
            ],
            [
                -0.2667127549648285,
                -0.9637760519981384,
                0.0,
                0.0
            ],
            [
                -0.21116451919078828,
                0.05843709036707878,
                0.9757021069526672,
                0.0
            ],
            [
                677.4918212890625,
                1715.907958984375,
                72.85620880126953,
                1.0
            ]
        ]
    },
    {
        "ID": 59,
        "Name": "OBP_BELT_A",
        "Type": 55,
        "Scale": 0.699999988079071,
        "Transform": [
            [
                -0.99969881772995,
                0.024541229009628297,
                -0.0,
                0.0
            ],
            [
                -0.024541229009628297,
                -0.99969881772995,
                0.0,
                0.0
            ],
            [
                0.0,
                0.0,
                1.0,
                0.0
            ],
            [
                513.0223388671875,
                1770.3604736328126,
                46.947532653808597,
                1.0
            ]
        ]
    },
    {
        "ID": 60,
        "Name": "OBP_BELT_A",
        "Type": 55,
        "Scale": 0.5999999642372131,
        "Transform": [
            [
                -0.9741618037223816,
                -0.1813746988773346,
                -0.13458070158958436,
                0.0
            ],
            [
                0.18303988873958589,
                -0.983105480670929,
                0.0,
                0.0
            ],
            [
                -0.1323070228099823,
                -0.024633634835481645,
                0.9909026622772217,
                0.0
            ],
            [
                337.4103698730469,
                1804.1309814453126,
                57.693824768066409,
                1.0
            ]
        ]
    },
    {
        "ID": 62,
        "Name": "OBP_BELT_A",
        "Type": 55,
        "Scale": 0.5999999642372131,
        "Transform": [
            [
                -0.9419760704040527,
                -0.27316799759864809,
                0.19509032368659974,
                0.0
            ],
            [
                0.2785196900367737,
                -0.9604305028915405,
                0.0,
                0.0
            ],
            [
                0.1873706877231598,
                0.05433649569749832,
                0.9807852506637573,
                0.0
            ],
            [
                193.06166076660157,
                1785.4722900390626,
                64.97040557861328,
                1.0
            ]
        ]
    },
    {
        "ID": 63,
        "Name": "OBP_BELT_A",
        "Type": 55,
        "Scale": 0.5499999523162842,
        "Transform": [
            [
                -0.9392509460449219,
                -0.31028661131858828,
                -0.1467304676771164,
                0.0
            ],
            [
                0.3136817514896393,
                -0.949528157711029,
                0.0,
                0.0
            ],
            [
                -0.13932470977306367,
                -0.046026669442653659,
                0.9891765117645264,
                0.0
            ],
            [
                56.765838623046878,
                1783.5899658203126,
                62.04578399658203,
                1.0
            ]
        ]
    },
    {
        "ID": 64,
        "Name": "OBP_BELT_A",
        "Type": 55,
        "Scale": 0.5,
        "Transform": [
            [
                -0.8819213509559631,
                -0.40394967794418337,
                0.24298018217086793,
                0.0
            ],
            [
                0.4164295494556427,
                -0.909168004989624,
                0.0,
                0.0
            ],
            [
                0.22090980410575868,
                0.10118412226438523,
                0.9700312614440918,
                0.0
            ],
            [
                -49.586585998535159,
                1773.157958984375,
                59.86617660522461,
                1.0
            ]
        ]
    },
    {
        "ID": 65,
        "Name": "OBP_BELT_A",
        "Type": 55,
        "Scale": 0.8499999642372131,
        "Transform": [
            [
                0.1903500258922577,
                -0.9569541811943054,
                0.21910123527050019,
                0.0
            ],
            [
                0.9807852506637573,
                0.19509032368659974,
                0.0,
                0.0
            ],
            [
                -0.042744528502225879,
                0.214891254901886,
                0.9757021069526672,
                0.0
            ],
            [
                -1520.9981689453126,
                602.2893676757813,
                100.36100769042969,
                1.0
            ]
        ]
    },
    {
        "ID": 66,
        "Name": "OBP_BELT_A",
        "Type": 55,
        "Scale": 0.8499999642372131,
        "Transform": [
            [
                -0.22855724394321443,
                -0.9624093174934387,
                -0.1467304676771164,
                0.0
            ],
            [
                0.9729399681091309,
                -0.23105810582637788,
                0.0,
                0.0
            ],
            [
                -0.03390326350927353,
                -0.14275993406772614,
                0.9891765117645264,
                0.0
            ],
            [
                -1469.999267578125,
                804.7551879882813,
                94.90487670898438,
                1.0
            ]
        ]
    },
    {
        "ID": 67,
        "Name": "OBP_BELT_A",
        "Type": 55,
        "Scale": 0.8499999642372131,
        "Transform": [
            [
                -0.29620295763015749,
                -0.9349884390830994,
                0.19509032368659974,
                0.0
            ],
            [
                0.9533060193061829,
                -0.30200594663619997,
                0.0,
                0.0
            ],
            [
                0.058918435126543048,
                0.18598076701164246,
                0.9807852506637573,
                0.0
            ],
            [
                -1377.125,
                984.3246459960938,
                101.76318359375,
                1.0
            ]
        ]
    },
    {
        "ID": 68,
        "Name": "OBP_BELT_A",
        "Type": 55,
        "Scale": 0.7999999523162842,
        "Transform": [
            [
                -0.42366546392440798,
                -0.8957653641700745,
                -0.13458070158958436,
                0.0
            ],
            [
                0.903989315032959,
                -0.4275550842285156,
                0.0,
                0.0
            ],
            [
                -0.057540662586688998,
                -0.12165950983762741,
                0.9909026622772217,
                0.0
            ],
            [
                -1271.4053955078126,
                1136.0762939453126,
                84.39005279541016,
                1.0
            ]
        ]
    },
    {
        "ID": 69,
        "Name": "OBP_BELT_A",
        "Type": 55,
        "Scale": 0.6499999761581421,
        "Transform": [
            [
                -0.5088683366775513,
                -0.8258411288261414,
                0.24298018217086793,
                0.0
            ],
            [
                0.8513551950454712,
                -0.5245896577835083,
                0.0,
                0.0
            ],
            [
                0.1274648904800415,
                0.2068624347448349,
                0.9700312614440918,
                0.0
            ],
            [
                -1161.328125,
                1262.4930419921876,
                81.86650085449219,
                1.0
            ]
        ]
    },
    {
        "ID": 70,
        "Name": "OBP_BELT_A",
        "Type": 55,
        "Scale": 0.5999999642372131,
        "Transform": [
            [
                -0.5633230805397034,
                -0.7998573780059815,
                -0.20711137354373933,
                0.0
            ],
            [
                0.8175848126411438,
                -0.5758081674575806,
                0.0,
                0.0
            ],
            [
                -0.1192564144730568,
                -0.16933110356330872,
                0.978317379951477,
                0.0
            ],
            [
                -1049.502685546875,
                1367.438720703125,
                79.33712768554688,
                1.0
            ]
        ]
    },
    {
        "ID": 71,
        "Name": "OBP_BELT_A",
        "Type": 55,
        "Scale": 0.5499999523162842,
        "Transform": [
            [
                -0.6955889463424683,
                -0.6622557640075684,
                0.2785196900367737,
                0.0
            ],
            [
                0.6895405650138855,
                -0.7242470979690552,
                0.0,
                0.0
            ],
            [
                0.2017170637845993,
                0.19205062091350556,
                0.9604305028915405,
                0.0
            ],
            [
                -921.6859741210938,
                1461.038330078125,
                72.9557876586914,
                1.0
            ]
        ]
    },
    {
        "ID": 72,
        "Name": "OBP_BELT_A",
        "Type": 55,
        "Scale": 0.5,
        "Transform": [
            [
                -0.7712529897689819,
                -0.6018916964530945,
                -0.20711137354373933,
                0.0
            ],
            [
                0.6152315735816956,
                -0.7883464097976685,
                0.0,
                0.0
            ],
            [
                -0.16327549517154694,
                -0.12742145359516145,
                0.978317379951477,
                0.0
            ],
            [
                -817.6541137695313,
                1522.4420166015626,
                80.072509765625,
                1.0
            ]
        ]
    },
    {
        "ID": 73,
        "Name": "OBP_BELT_A",
        "Type": 55,
        "Scale": 0.3999999761581421,
        "Transform": [
            [
                -0.8021309971809387,
                -0.521843433380127,
                0.290284663438797,
                0.0
            ],
            [
                0.545324981212616,
                -0.8382247090339661,
                0.0,
                0.0
            ],
            [
                0.24332377314567567,
                0.15829947590827943,
                0.9569403529167175,
                0.0
            ],
            [
                -706.04833984375,
                1575.640625,
                73.22048950195313,
                1.0
            ]
        ]
    },
    {
        "ID": 74,
        "Name": "OBP_BELT_A",
        "Type": 55,
        "Scale": 0.5,
        "Transform": [
            [
                -0.8022758960723877,
                -0.5504230856895447,
                -0.23105810582637788,
                0.0
            ],
            [
                0.5657318234443665,
                -0.8245893120765686,
                0.0,
                0.0
            ],
            [
                -0.1905280351638794,
                -0.13071691989898683,
                0.9729399681091309,
                0.0
            ],
            [
                -610.125,
                1611.0068359375,
                69.34801483154297,
                1.0
            ]
        ]
    },
    {
        "ID": 79,
        "Name": "OBP_BELT_A",
        "Type": 55,
        "Scale": 0.29999998211860659,
        "Transform": [
            [
                -0.8872625827789307,
                -0.43304643034935,
                -0.15885815024375916,
                0.0
            ],
            [
                0.43861624598503115,
                -0.898674488067627,
                0.0,
                0.0
            ],
            [
                -0.14276175200939179,
                -0.06967776268720627,
                0.9873014092445374,
                0.0
            ],
            [
                -143.31991577148438,
                1753.9210205078126,
                61.93614959716797,
                1.0
            ]
        ]
    },
    {
        "ID": 81,
        "Name": "OBJ_RALLOS_AXE",
        "Type": 156,
        "Scale": 1.25,
        "Transform": [
            [
                -0.06425905227661133,
                0.9648211002349854,
                0.2548656463623047,
                0.0
            ],
            [
                -0.9977710843086243,
                -0.06645359098911286,
                0.0,
                0.0
            ],
            [
                0.016936736181378366,
                -0.25429755449295046,
                0.9669764637947083,
                0.0
            ],
            [
                805.206298828125,
                297.4133605957031,
                23.212722778320314,
                1.0
            ]
        ]
    },
    {
        "ID": 83,
        "Name": "OBJ_MAYONG_SWORD",
        "Type": 156,
        "Scale": 1.5,
        "Transform": [
            [
                -0.9436476230621338,
                0.23692846298217774,
                0.23105810582637788,
                0.0
            ],
            [
                -0.24351808428764344,
                -0.9698929786682129,
                0.0,
                0.0
            ],
            [
                0.22410163283348084,
                -0.05626682564616203,
                0.9729399681091309,
                0.0
            ],
            [
                -656.1332397460938,
                -208.11036682128907,
                63.78908157348633,
                1.0
            ]
        ]
    },
    {
        "ID": 86,
        "Name": "OBJ_TALLON_BOW",
        "Type": 156,
        "Scale": 1.5,
        "Transform": [
            [
                -0.7739123106002808,
                0.6062487363815308,
                0.18303988873958589,
                0.0
            ],
            [
                -0.6166670322418213,
                -0.7872118949890137,
                0.0,
                0.0
            ],
            [
                0.1440911740064621,
                -0.11287466436624527,
                0.983105480670929,
                0.0
            ],
            [
                -677.65625,
                -179.4217529296875,
                48.065433502197269,
                1.0
            ]
        ]
    },
    {
        "ID": 12,
        "Name": "OBP_BELT_A",
        "Type": 55,
        "Scale": 0.29999998211860659,
        "Transform": [
            [
                -0.8195343613624573,
                -0.518964409828186,
                0.24298018217086793,
                0.0
            ],
            [
                0.5349976420402527,
                -0.8448535799980164,
                0.0,
                0.0
            ],
            [
                0.20528267323970796,
                0.12999381124973298,
                0.9700312614440918,
                0.0
            ],
            [
                -339.49261474609377,
                1733.878173828125,
                69.55377197265625,
                1.0
            ]
        ]
    },
    {
        "ID": 13,
        "Name": "OBP_BELT_A",
        "Type": 55,
        "Scale": 0.3999999761581421,
        "Transform": [
            [
                -0.8436101078987122,
                -0.5198172330856323,
                -0.13458070158958436,
                0.0
            ],
            [
                0.5245896577835083,
                -0.8513551950454712,
                0.0,
                0.0
            ],
            [
                -0.11457597464323044,
                -0.07059963792562485,
                0.9909026622772217,
                0.0
            ],
            [
                -443.1693115234375,
                1722.310302734375,
                72.0650405883789,
                1.0
            ]
        ]
    },
    {
        "ID": 17,
        "Name": "OBP_BELT_A",
        "Type": 0,
        "Scale": 0.5,
        "Transform": [
            [
                -0.53729647397995,
                -0.8258840441703796,
                0.1709618866443634,
                0.0
            ],
            [
                0.8382247090339661,
                -0.545324981212616,
                0.0,
                0.0
            ],
            [
                0.09322978556156159,
                0.1433044672012329,
                0.9852776527404785,
                0.0
            ],
            [
                -518.6729125976563,
                1690.0777587890626,
                70.83865356445313,
                1.0
            ]
        ]
    },
    {
        "ID": 28,
        "Name": "OBP_SPHERE",
        "Type": 156,
        "Scale": 1.0,
        "Transform": [
            [
                0.6974904537200928,
                -0.7165845632553101,
                -0.0,
                0.0
            ],
            [
                0.7165845632553101,
                0.6974904537200928,
                0.0,
                0.0
            ],
            [
                0.0,
                -0.0,
                1.0,
                0.0
            ],
            [
                0.0,
                0.0,
                100.0,
                1.0
            ]
        ]
    },
    {
        "ID": 3,
        "Name": "OBP_NORRATH_C",
        "Type": 156,
        "Scale": 1.0,
        "Transform": [
            [
                -0.4461451470851898,
                0.8949424028396606,
                -0.0,
                0.0
            ],
            [
                -0.8949424028396606,
                -0.4461451470851898,
                0.0,
                0.0
            ],
            [
                0.0,
                0.0,
                1.0,
                0.0
            ],
            [
                -256.38140869140627,
                1798.72509765625,
                64.69347381591797,
                1.0
            ]
        ]
    },
    {
        "ID": 4,
        "Name": "OBP_BELT_A",
        "Type": 55,
        "Scale": 0.5999999642372131,
        "Transform": [
            [
                -0.545324981212616,
                -0.8382247090339661,
                -0.0,
                0.0
            ],
            [
                0.8382247090339661,
                -0.545324981212616,
                0.0,
                0.0
            ],
            [
                -0.0,
                0.0,
                1.0,
                0.0
            ],
            [
                -1301.82373046875,
                1002.4853515625,
                111.05540466308594,
                1.0
            ]
        ]
    },
    {
        "ID": 7,
        "Name": "OBP_BELT_A",
        "Type": 55,
        "Scale": 0.6499999761581421,
        "Transform": [
            [
                -0.15885815024375916,
                -0.9873014092445374,
                -0.0,
                0.0
            ],
            [
                0.9873014092445374,
                -0.15885815024375916,
                0.0,
                0.0
            ],
            [
                -0.0,
                0.0,
                1.0,
                0.0
            ],
            [
                -1397.99267578125,
                950.2109375,
                79.58611297607422,
                1.0
            ]
        ]
    },
    {
        "ID": 9,
        "Name": "OBP_BELT_A",
        "Type": 55,
        "Scale": 0.6499999761581421,
        "Transform": [
            [
                -0.2627860903739929,
                -0.9495869874954224,
                -0.1709618866443634,
                0.0
            ],
            [
                0.9637760519981384,
                -0.2667127549648285,
                0.0,
                0.0
            ],
            [
                -0.04559771344065666,
                -0.16476896405220033,
                0.9852776527404785,
                0.0
            ],
            [
                -1004.6882934570313,
                1512.271240234375,
                79.58633422851563,
                1.0
            ]
        ]
    },
    {
        "ID": 10,
        "Name": "OBP_BELT_A",
        "Type": 55,
        "Scale": 0.6499999761581421,
        "Transform": [
            [
                -0.6152315735816956,
                -0.7883464097976685,
                -0.0,
                0.0
            ],
            [
                0.7883464097976685,
                -0.6152315735816956,
                0.0,
                0.0
            ],
            [
                -0.0,
                0.0,
                1.0,
                0.0
            ],
            [
                -761.85009765625,
                1554.6549072265626,
                63.94685363769531,
                1.0
            ]
        ]
    },
    {
        "ID": 22,
        "Name": "OBP_BELT_A",
        "Type": 55,
        "Scale": 0.5499999523162842,
        "Transform": [
            [
                -0.7568854093551636,
                -0.6368629932403565,
                -0.1467304676771164,
                0.0
            ],
            [
                0.6438315510749817,
                -0.765167236328125,
                0.0,
                0.0
            ],
            [
                -0.11227334290742874,
                -0.09446970373392105,
                0.9891765117645264,
                0.0
            ],
            [
                -563.48388671875,
                1638.8084716796876,
                55.727256774902347,
                1.0
            ]
        ]
    },
    {
        "ID": 23,
        "Name": "OBP_BELT_A",
        "Type": 55,
        "Scale": 0.44999998807907107,
        "Transform": [
            [
                -0.9533060193061829,
                -0.30200594663619997,
                -0.0,
