[
    {
        "ID": 58,
        "Name": "OBP_BELT_A",
        "Type": 55,
        "Scale": 0.5,
        "Transform": [
            [
                -0.9626151323318481,
                0.26639148592948916,
                0.049067676067352298,
                0.0
            ],
            [
                -0.2667127549648285,
                -0.9637760519981384,
                0.0,
                0.0
            ],
            [
                0.04729025065898895,
                -0.013086974620819092,
                0.9987954497337341,
                0.0
            ],
            [
                258.930419921875,
                1850.6915283203126,
                54.98120880126953,
                1.0
            ]
        ]
    },
    {
        "ID": 60,
        "Name": "OBP_BELT_A",
        "Type": 55,
        "Scale": 0.5,
        "Transform": [
            [
                -0.9617891311645508,
                -0.1790710985660553,
                -0.20711137354373933,
                0.0
            ],
            [
                0.18303988873958589,
                -0.983105480670929,
                0.0,
                0.0
            ],
            [
                -0.2036123126745224,
                -0.03790964186191559,
                0.978317379951477,
                0.0
            ],
            [
                142.33566284179688,
                1828.225341796875,
                55.318824768066409,
                1.0
            ]
        ]
    },
    {
        "ID": 63,
        "Name": "OBP_BELT_A",
        "Type": 55,
        "Scale": 0.3499999940395355,
        "Transform": [
            [
                -0.837215006351471,
                -0.5446680784225464,
                -0.049067672342061999,
                0.0
            ],
            [
                0.545324981212616,
                -0.8382247090339661,
                0.0,
                0.0
            ],
            [
                -0.04112973436713219,
                -0.026757827028632165,
                0.9987954497337341,
                0.0
            ],
            [
                51.669185638427737,
                1772.7607421875,
                60.54578399658203,
                1.0
            ]
        ]
    },
    {
        "ID": 66,
        "Name": "OBP_BELT_A",
        "Type": 55,
        "Scale": 0.25,
        "Transform": [
            [
                -0.8715208172798157,
                -0.43868669867515566,
                -0.21910123527050019,
                0.0
            ],
            [
                0.4496113359928131,
                -0.89322429895401,
                0.0,
                0.0
            ],
            [
                -0.1957065463066101,
                -0.09851039201021195,
                0.9757021069526672,
                0.0
            ],
            [
                -332.9973449707031,
                1747.302001953125,
                85.02458190917969,
                1.0
            ]
        ]
    },
    {
        "ID": 67,
        "Name": "OBP_BELT_A",
        "Type": 55,
        "Scale": 0.25,
        "Transform": [
            [
                -0.7785810828208923,
                -0.5923819541931152,
                0.20711137354373933,
                0.0
            ],
            [
                0.6055110692977905,
                -0.7958369255065918,
                0.0,
                0.0
            ],
            [
                0.1648268699645996,
                0.12540821731090547,
                0.978317379951477,
                0.0
            ],
            [
                -335.14739990234377,
                1701.39111328125,
                46.48088073730469,
                1.0
            ]
        ]
    },
    {
        "ID": 68,
        "Name": "OBP_BELT_A",
        "Type": 55,
        "Scale": 0.3999999761581421,
        "Transform": [
            [
                0.9891020059585571,
                0.14671941101551057,
                -0.012271538376808167,
                0.0
            ],
            [
                0.1467304676771164,
                -0.9891765117645264,
                -0.0,
                0.0
            ],
            [
                -0.012138716876506806,
                -0.00180060847196728,
                -0.9999247193336487,
                0.0
            ],
            [
                -340.8668518066406,
                1728.8243408203126,
                65.94664764404297,
                1.0
            ]
        ]
    },
    {
        "ID": 71,
        "Name": "OBP_BELT_A",
        "Type": 55,
        "Scale": 0.3499999940395355,
        "Transform": [
            [
                -0.7198342084884644,
                -0.6853391528129578,
                0.11022220551967621,
                0.0
            ],
            [
                0.6895405650138855,
                -0.7242470979690552,
                0.0,
                0.0
            ],
            [
                0.07982810586690903,
                0.07600267976522446,
                0.9939069747924805,
                0.0
            ],
            [
                -720.17626953125,
                1485.7744140625,
                50.080787658691409,
                1.0
            ]
        ]
    },
    {
        "ID": 72,
        "Name": "OBP_BELT_A",
        "Type": 55,
        "Scale": 0.3999999761581421,
        "Transform": [
            [
                -0.7868627905845642,
                -0.6140737533569336,
                -0.06132073700428009,
                0.0
            ],
            [
                0.6152315735816956,
                -0.7883464097976685,
                0.0,
                0.0
            ],
            [
                -0.04834198206663132,
                -0.037726450711488727,
                0.9981181025505066,
                0.0
            ],
            [
                -544.41162109375,
                1531.2322998046876,
                49.697509765625,
                1.0
            ]
        ]
    },
    {
        "ID": 73,
        "Name": "OBP_BELT_A",
        "Type": 55,
        "Scale": 0.3999999761581421,
        "Transform": [
            [
                -0.4197295606136322,
                -0.8599778413772583,
                0.290284663438797,
                0.0
            ],
            [
                0.898674488067627,
                -0.43861624598503115,
                0.0,
                0.0
            ],
            [
                0.12732356786727906,
                0.26087141036987307,
                0.9569403529167175,
                0.0
            ],
            [
                -525.7476196289063,
                1585.4925537109376,
                57.595489501953128,
                1.0
            ]
        ]
    },
    {
        "ID": 12,
        "Name": "OBP_BELT_A",
        "Type": 55,
        "Scale": 0.29999998211860659,
        "Transform": [
            [
                -0.8432636260986328,
                -0.5339908003807068,
                0.06132073700428009,
                0.0
            ],
            [
                0.5349976420402527,
                -0.8448535799980164,
                0.0,
                0.0
            ],
            [
                0.051807042211294177,
                0.03280644863843918,
                0.9981181025505066,
                0.0
            ],
            [
                -421.7850646972656,
                1717.0506591796876,
                60.17877197265625,
                1.0
            ]
        ]
    },
    {
        "ID": 17,
        "Name": "OBP_BELT_A",
        "Type": 0,
        "Scale": 0.3999999761581421,
        "Transform": [
            [
                -0.8320235013961792,
                -0.4986957311630249,
                -0.24298018217086793,
                0.0
            ],
            [
                0.5141027569770813,
                -0.8577286005020142,
                0.0,
                0.0
            ],
            [
                -0.20841103792190553,
                -0.12491677701473236,
                0.9700312614440918,
                0.0
            ],
            [
                -446.6181945800781,
                1678.939208984375,
                63.713653564453128,
                1.0
            ]
        ]
    },
    {
        "ID": 28,
        "Name": "OBP_SPHERE",
        "Type": 156,
        "Scale": 1.0,
        "Transform": [
            [
                -0.9300008416175842,
                0.3675117790699005,
                -0.0,
                0.0
            ],
            [
                -0.3675117790699005,
                -0.9300008416175842,
                0.0,
                0.0
            ],
            [
                0.0,
                0.0,
                1.0,
                0.0
            ],
            [
                0.0,
                0.0,
                100.0,
                1.0
            ]
        ]
    },
    {
        "ID": 2,
        "Name": "OBP_BELT_C",
        "Type": 55,
        "Scale": 0.29999998211860659,
        "Transform": [
            [
                -0.812603235244751,
                -0.5722997188568115,
                -0.11022220551967621,
                0.0
            ],
            [
                0.5758081674575806,
                -0.8175848126411438,
                0.0,
                0.0
            ],
            [
                -0.0901159942150116,
                -0.06346683949232102,
                0.9939069747924805,
                0.0
            ],
            [
                -357.1119079589844,
                1741.8333740234376,
                66.16697692871094,
                1.0
            ]
        ]
    },
    {
        "ID": 4,
        "Name": "OBP_BELT_C",
        "Type": 55,
        "Scale": 0.19999998807907105,
        "Transform": [
            [
                -0.8101469278335571,
                -0.5705698132514954,
                0.13458070158958436,
                0.0
            ],
            [
                0.5758081674575806,
                -0.8175848126411438,
                0.0,
                0.0
            ],
            [
                0.1100311353802681,
                0.07749266177415848,
                0.9909026622772217,
                0.0
            ],
            [
                -318.65093994140627,
                1757.4771728515626,
                42.82584762573242,
                1.0
            ]
        ]
    },
    {
        "ID": 3,
        "Name": "OBP_NORRATH_A",
        "Type": 156,
        "Scale": 1.0,
        "Transform": [
            [
                0.17930826544761659,
                0.9837765693664551,
                -0.0,
                0.0
            ],
            [
                -0.9837765693664551,
                0.17930826544761659,
                0.0,
                0.0
            ],
            [
                0.0,
                0.0,
                1.0,
                0.0
            ],
            [
                -250.09556579589845,
                1737.6317138671876,
                65.8377685546875,
                1.0
            ]
        ]
    },
    {
        "ID": 9,
        "Name": "OBP_BELT_A",
        "Type": 55,
        "Scale": 0.3999999761581421,
        "Transform": [
            [
                -0.5473909378051758,
                -0.8192284107208252,
                -0.1709618866443634,
                0.0
            ],
            [
                0.8314695954322815,
                -0.5555702447891235,
                0.0,
                0.0
            ],
            [
                -0.09498133510351181,
                -0.14214959740638734,
                0.9852776527404785,
                0.0
            ],
            [
                -621.217041015625,
                1473.8106689453126,
                56.48003387451172,
                1.0
            ]
        ]
    },
    {
        "ID": 5,
        "Name": "OBP_BELT_A",
        "Type": 55,
        "Scale": 0.25,
        "Transform": [
            [
                -0.8738568425178528,
                -0.43986257910728457,
                0.20711137354373933,
                0.0
            ],
            [
                0.4496113359928131,
                -0.89322429895401,
                0.0,
                0.0
            ],
            [
                0.18499690294265748,
                0.09311962127685547,
                0.978317379951477,
                0.0
            ],
            [
                -172.81932067871095,
                1769.6875,
                85.02456665039063,
                1.0
            ]
        ]
    },
    {
        "ID": 7,
        "Name": "OBP_BELT_A",
        "Type": 55,
        "Scale": 0.25,
        "Transform": [
            [
                -0.7719866633415222,
                -0.5873646140098572,
                -0.24298018217086793,
                0.0
            ],
            [
                0.6055110692977905,
                -0.7958369255065918,
                0.0,
                0.0
            ],
            [
                -0.19337259232997895,
                -0.1471271812915802,
                0.9700312614440918,
                0.0
            ],
            [
                -162.95388793945313,
                1725.003173828125,
                43.73087692260742,
                1.0
            ]
        ]
    },
    {
        "ID": 10,
        "Name": "OBP_BELT_C",
        "Type": 55,
        "Scale": 0.29999998211860659,
        "Transform": [
            [
                -0.8101469278335571,
                -0.5705698132514954,
                0.13458070158958436,
                0.0
            ],
            [
                0.5758081674575806,
                -0.8175848126411438,
                0.0,
                0.0
            ],
            [
                0.1100311353802681,
                0.07749266177415848,
                0.9909026622772217,
                0.0
            ],
            [
                -159.82644653320313,
                1785.9176025390626,
                65.95084381103516,
                1.0
            ]
        ]
    },
    {
        "ID": 11,
        "Name": "OBP_BELT_A",
        "Type": 55,
        "Scale": 0.3999999761581421,
        "Transform": [
            [
                0.9855290055274963,
                0.14618940651416779,
                0.08579730987548828,
                0.0
            ],
            [
                0.1467304676771164,
                -0.9891765117645264,
                -0.0,
                0.0
            ],
            [
                0.08486867696046829,
                0.012589079327881337,
                -0.9963126182556152,
                0.0
            ],
            [
                -138.1298828125,
                1759.5086669921876,
                63.8216438293457,
                1.0
            ]
        ]
    },
    {
        "ID": 13,
        "Name": "OBP_BELT_C",
        "Type": 55,
        "Scale": 0.29999998211860659,
        "Transform": [
            [
                -0.812603235244751,
                -0.5722997188568115,
                -0.11022220551967621,
                0.0
            ],
            [
                0.5758081674575806,
                -0.8175848126411438,
                0.0,
                0.0
            ],
            [
                -0.0901159942150116,
                -0.06346683949232102,
                0.9939069747924805,
                0.0
            ],
            [
                -209.15524291992188,
                1762.9998779296876,
                66.16696166992188,
                1.0
            ]
        ]
    },
    {
        "ID": 14,
        "Name": "OBP_BELT_A",
        "Type": 0,
        "Scale": 0.29999998211860659,
        "Transform": [
            [
                0.9711089730262756,
                -0.2306232750415802,
                0.06132073700428009,
                0.0
            ],
            [
                -0.23105810582637788,
                -0.9729399681091309,
                -0.0,
                0.0
            ],
            [
                0.059661395847797397,
                -0.014168652705848217,
                -0.9981181025505066,
                0.0
            ],
            [
                -51.64866256713867,
                1709.187744140625,
                49.21364974975586,
                1.0
            ]
        ]
    },
    {
        "ID": 15,
        "Name": "OBP_BELT_A",
        "Type": 55,
        "Scale": 0.3999999761581421,
        "Transform": [
            [
                -0.8432636260986328,
                -0.5339908003807068,
                0.06132073700428009,
                0.0
            ],
            [
                0.5349976420402527,
                -0.8448535799980164,
                0.0,
                0.0
            ],
            [
                0.051807042211294177,
                0.03280644863843918,
                0.9981181025505066,
                0.0
            ],
            [
                -29.190046310424806,
                1746.59326171875,
                54.05376052856445,
                1.0
            ]
        ]
    }
]