[
    {
        "ID": 3,
        "Name": "OBJ_ASTEROID_A",
        "Type": 156,
        "Scale": 2.0,
        "Transform": [
            [
                0.82126784324646,
                -0.510423481464386,
                -0.2548656463623047,
                0.0
            ],
            [
                0.5278551578521729,
                0.8493152856826782,
                0.0,
                0.0
            ],
            [
                0.21646128594875337,
                -0.1345321387052536,
                0.9669764637947083,
                0.0
            ],
            [
                -201.90481567382813,
                -173.0133819580078,
                17.766189575195314,
                1.0
            ]
        ]
    },
    {
        "ID": 7,
        "Name": "OBJ_ASTEROID_A",
        "Type": 156,
        "Scale": 2.0,
        "Transform": [
            [
                -0.7125808596611023,
                0.5952520966529846,
                -0.37131720781326296,
                0.0
            ],
            [
                -0.6410858631134033,
                -0.7674488425254822,
                0.0,
                0.0
            ],
            [
                -0.28496694564819338,
                0.23804619908332826,
                0.928506076335907,
                0.0
            ],
            [
                -262.25628662109377,
                -60.28969955444336,
                24.722877502441408,
                1.0
            ]
        ]
    },
    {
        "ID": 15,
        "Name": "OBJ_ASTEROID_A",
        "Type": 156,
        "Scale": 1.75,
        "Transform": [
            [
                0.5912950038909912,
                -0.13039149343967439,
                -0.7958369255065918,
                0.0
            ],
            [
                0.2153412252664566,
                0.9765222072601318,
                0.0,
                0.0
            ],
            [
                0.777152419090271,
                -0.17137649655342103,
                0.6055110692977905,
                0.0
            ],
            [
                -507.76019287109377,
                -203.19639587402345,
                41.60258865356445,
                1.0
            ]
        ]
    },
    {
        "ID": 16,
        "Name": "OBJ_ASTEROID_A",
        "Type": 156,
        "Scale": 2.25,
        "Transform": [
            [
                -0.08532103896141052,
                -0.7360087633132935,
                -0.6715589761734009,
                0.0
            ],
            [
                0.9933297634124756,
                -0.11515070497989655,
                0.0,
                0.0
            ],
            [
                -0.07733048498630524,
                -0.667079508304596,
                0.7409511208534241,
                0.0
            ],
            [
                -1182.37841796875,
                -2.458477020263672,
                103.47758483886719,
                1.0
            ]
        ]
    },
    {
        "ID": 23,
        "Name": "OBJ_ASTEROID_G",
        "Type": 156,
        "Scale": 1.0,
        "Transform": [
            [
                -0.921127200126648,
                0.38921448588371279,
                -0.0,
                0.0
            ],
            [
                -0.38921448588371279,
                -0.921127200126648,
                0.0,
                0.0
            ],
            [
                0.0,
                0.0,
                1.0,
                0.0
            ],
            [
                -211.4093475341797,
                -89.82843780517578,
                20.545896530151368,
                1.0
            ]
        ]
    },
    {
        "ID": 9,
        "Name": "OBJ_ASTEROID_A",
        "Type": 156,
        "Scale": 1.75,
        "Transform": [
            [
                -0.09651349484920502,
                0.39357298612594607,
                -0.91420978307724,
                0.0
            ],
            [
                0.9712064862251282,
                0.238163024187088,
                -0.0,
                0.0
            ],
            [
                0.21773095428943635,
                -0.8878864645957947,
                -0.40524131059646609,
                0.0
            ],
            [
                -240.13723754882813,
                -144.46572875976563,
                23.890531539916993,
                1.0
            ]
        ]
    },
    {
        "ID": 4,
        "Name": "OBJ_ASTEROID_G",
        "Type": 156,
        "Scale": 0.5,
        "Transform": [
            [
                -0.2148812860250473,
                0.9728484749794006,
                -0.08579730987548828,
                0.0
            ],
            [
                -0.9764490723609924,
                -0.21567657589912415,
                0.0,
                0.0
            ],
            [
                -0.018504468724131585,
                0.08377669751644135,
                0.9963126182556152,
                0.0
            ],
            [
                -222.94580078125,
                -116.19551086425781,
                8.379161834716797,
                1.0
            ]
        ]
    },
    {
        "ID": 6,
        "Name": "OBJ_ASTEROID_G",
        "Type": 156,
        "Scale": 1.75,
        "Transform": [
            [
                0.005403308197855949,
                0.8381915092468262,
                -0.545324981212616,
                0.0
            ],
            [
                -0.9999604225158691,
                0.006446133833378553,
                0.0,
                0.0
            ],
            [
                0.003515237709507346,
                0.5453033447265625,
                0.8382247090339661,
                0.0
            ],
            [
                -278.46466064453127,
                -104.86141967773438,
                11.215446472167969,
                1.0
            ]
        ]
    },
    {
        "ID": 24,
        "Name": "OBJ_ASTEROID_A",
        "Type": 157,
        "Scale": 2.0,
        "Transform": [
            [
                -0.9083735942840576,
                0.3632660508155823,
                0.20711137354373933,
                0.0
            ],
            [
                -0.37131720781326296,
                -0.928506076335907,
                0.0,
                0.0
            ],
            [
                0.19230416417121888,
                -0.07690401375293732,
                0.978317379951477,
                0.0
            ],
            [
                -289.6387939453125,
                -168.602294921875,
                38.82790756225586,
                1.0
            ]
        ]
    },
    {
        "ID": 2,
        "Name": "OBJ_ASTEROID_G",
        "Type": 156,
        "Scale": 1.5,
        "Transform": [
            [
                0.7804091572761536,
                -0.4228900372982025,
                0.46053871512413027,
                0.0
            ],
            [
                0.47642087936401369,
                0.8791959881782532,
                0.0,
                0.0
            ],
            [
                -0.404903769493103,
                0.2194102555513382,
                0.8876396417617798,
                0.0
            ],
            [
                -343.5234375,
                -138.54103088378907,
                27.471179962158204,
                1.0
            ]
        ]
    },
    {
        "ID": 1,
        "Name": "OBJ_ASTEROID_A",
        "Type": 156,
        "Scale": 2.0,
        "Transform": [
            [
                -0.9602176547050476,
                0.11398500949144364,
                -0.2548656463623047,
                0.0
            ],
            [
                -0.11787775158882141,
                -0.993010401725769,
                0.0,
                0.0
            ],
            [
                -0.2530842125415802,
                0.030042989179491998,
                0.9669764637947083,
                0.0
            ],
            [
                -383.6417236328125,
                -195.4842529296875,
                16.18952751159668,
                1.0
            ]
        ]
    },
    {
        "ID": 5,
        "Name": "OBJ_ASTEROID_G",
        "Type": 156,
        "Scale": 1.75,
        "Transform": [
            [
                0.4590006470680237,
                0.8510769605636597,
                0.2548656463623047,
                0.0
            ],
            [
                -0.8801423907279968,
                0.4746761620044708,
                0.0,
                0.0
            ],
            [
                -0.12097864598035813,
                -0.22431805729866029,
                0.9669764637947083,
                0.0
            ],
            [
                -449.21173095703127,
                -159.228759765625,
                38.288299560546878,
                1.0
            ]
        ]
    },
    {
        "ID": 8,
        "Name": "OBJ_ASTEROID_G",
        "Type": 156,
        "Scale": 1.75,
        "Transform": [
            [
                -0.5485847592353821,
                -0.8360753655433655,
                -0.0,
                0.0
            ],
            [
                0.8360753655433655,
                -0.5485847592353821,
                0.0,
                0.0
            ],
            [
                -0.0,
                0.0,
                1.0,
                0.0
            ],
            [
                -578.486083984375,
                -177.93836975097657,
                64.46844482421875,
                1.0
            ]
        ]
    },
    {
        "ID": 10,
        "Name": "OBJ_ASTEROID_A",
        "Type": 156,
        "Scale": 1.75,
        "Transform": [
            [
                -0.29109621047973635,
                -0.6051755547523499,
                0.7409511208534241,
                0.0
            ],
            [
                0.9011503458023071,
                -0.43346336483955386,
                0.0,
                0.0
            ],
            [
                0.32117515802383425,
                0.6677083373069763,
                0.6715589761734009,
                0.0
            ],
            [
                -658.7218627929688,
                -204.1605987548828,
                70.57827758789063,
                1.0
            ]
        ]
    },
    {
        "ID": 11,
        "Name": "OBJ_ASTEROID_G",
        "Type": 156,
        "Scale": 1.75,
        "Transform": [
            [
                0.943505048751831,
                0.06275859475135803,
                -0.32531028985977175,
                0.0
            ],
            [
                -0.06636856496334076,
                0.9977768659591675,
                0.0,
                0.0
            ],
            [
                0.3245870769023895,
                0.021590376272797586,
                0.9456073045730591,
                0.0
            ],
            [
                -748.970458984375,
                -189.7050018310547,
                59.7952995300293,
                1.0
            ]
        ]
    },
    {
        "ID": 12,
        "Name": "OBJ_ASTEROID_A",
        "Type": 156,
        "Scale": 1.75,
        "Transform": [
            [
                -0.8518706560134888,
                0.22820068895816804,
                -0.4713967442512512,
                0.0
            ],
            [
                -0.25875404477119448,
                -0.9659259915351868,
                0.0,
                0.0
            ],
            [
                -0.4553343653678894,
                0.12197580933570862,
                0.8819212913513184,
                0.0
            ],
            [
                -830.4562377929688,
                -167.98133850097657,
                59.00795364379883,
                1.0
            ]
        ]
    },
    {
        "ID": 13,
        "Name": "OBJ_ASTEROID_G",
        "Type": 156,
        "Scale": 1.75,
        "Transform": [
            [
                0.7891377210617065,
                -0.35170334577560427,
                0.5035383701324463,
                0.0
            ],
            [
                0.4070768654346466,
                0.9133825898170471,
                0.0,
                0.0
            ],
            [
                -0.4599231779575348,
                0.204978808760643,
                0.8639728426933289,
                0.0
            ],
            [
                -895.7515869140625,
                -135.98971557617188,
                88.75558471679688,
                1.0
            ]
        ]
    },
    {
        "ID": 14,
        "Name": "OBJ_ASTEROID_A",
        "Type": 156,
        "Scale": 1.75,
        "Transform": [
            [
                0.5166134238243103,
                -0.31582093238830569,
                -0.7958369255065918,
                0.0
            ],
            [
                0.5215774774551392,
                0.8531858325004578,
                0.0,
                0.0
            ],
            [
                0.678996741771698,
                -0.4150905907154083,
                0.6055110692977905,
                0.0
            ],
            [
                -988.8536987304688,
                -107.59099578857422,
                86.13629150390625,
                1.0
            ]
        ]
    },
    {
        "ID": 17,
        "Name": "OBJ_ASTEROID_G",
        "Type": 156,
        "Scale": 1.75,
        "Transform": [
            [
                0.4696153402328491,
                0.8520957827568054,
                -0.23105810582637788,
                0.0
            ],
            [
                -0.8757948279380798,
                0.48267659544944765,
                0.0,
                0.0
            ],
            [
                0.11152633279561997,
                0.20235948264598847,
                0.9729399681091309,
                0.0
            ],
            [
                -1072.8541259765626,
                -67.66236877441406,
                113.67109680175781,
                1.0
            ]
        ]
    },
    {
        "ID": 18,
        "Name": "OBJ_ASTEROID_G",
        "Type": 156,
        "Scale": 1.75,
        "Transform": [
            [
                -0.8639728426933289,
                0.5035383701324463,
                -0.0,
                0.0
            ],
            [
                -0.5035383701324463,
                -0.8639728426933289,
                0.0,
                0.0
            ],
            [
                0.0,
                0.0,
                1.0,
                0.0
            ],
            [
                -1272.62841796875,
                47.21673583984375,
                126.65436553955078,
                1.0
            ]
        ]
    },
    {
        "ID": 19,
        "Name": "OBJ_ASTEROID_A",
        "Type": 156,
        "Scale": 1.75,
        "Transform": [
            [
                0.4339519143104553,
                0.5125078558921814,
                0.7409511208534241,
                0.0
            ],
            [
                -0.7631614208221436,
                0.6461858749389648,
                0.0,
                0.0
            ],
            [
                -0.47879213094711306,
                -0.5654652714729309,
                0.6715589761734009,
                0.0
            ],
            [
                -1338.8887939453126,
                138.3213348388672,
                112.26420593261719,
                1.0
            ]
        ]
    },
    {
        "ID": 20,
        "Name": "OBJ_ASTEROID_G",
        "Type": 156,
        "Scale": 1.2999999523162842,
        "Transform": [
            [
                -0.07854371517896652,
                -0.9423272013664246,
                -0.32531028985977175,
                0.0
            ],
            [
                0.9965312480926514,
                -0.08306166529655457,
                0.0,
                0.0
            ],
            [
                -0.027020813897252084,
                -0.32418185472488406,
                0.9456073045730591,
                0.0
            ],
            [
                -1410.084228515625,
                208.5277099609375,
                120.73123168945313,
                1.0
            ]
        ]
    },
    {
        "ID": 21,
        "Name": "OBJ_ASTEROID_A",
        "Type": 156,
        "Scale": 1.5,
        "Transform": [
            [
                -0.6359168291091919,
                -0.24251285195350648,
                -0.7326542735099793,
                0.0
            ],
            [
                0.35632163286209109,
                -0.934346079826355,
                0.0,
                0.0
            ],
            [
                -0.6845526099205017,
                -0.26106056571006777,
                0.6806010007858276,
                0.0
            ],
            [
                -1434.798095703125,
                284.9285888671875,
                107.56888580322266,
                1.0
            ]
        ]
    },
    {
        "ID": 22,
        "Name": "OBJ_ASTEROID_A",
        "Type": 156,
        "Scale": 2.0,
        "Transform": [
            [
                -0.3596179783344269,
                -0.8905469179153442,
                -0.2785196900367737,
                0.0
            ],
            [
                0.9272372722625732,
                -0.3744341731071472,
                0.0,
                0.0
            ],
            [
                -0.104287289083004,
                -0.258253812789917,
                0.9604305028915405,
                0.0
            ],
            [
                396.5019226074219,
                64.0394058227539,
                15.083877563476563,
                1.0
            ]
        ]
    },
    {
        "ID": 25,
        "Name": "OBJ_ASTEROID_A",
        "Type": 156,
        "Scale": 1.75,
        "Transform": [
            [
                -0.19585202634334565,
                -0.354767769575119,
                -0.91420978307724,
                0.0
            ],
            [
                -0.8754482269287109,
                0.48329728841781618,
                -0.0,
                0.0
            ],
            [
                0.44183510541915896,
                0.8003432750701904,
                -0.40524131059646609,
                0.0
            ],
            [
                479.0443115234375,
                97.6385269165039,
                26.208232879638673,
                1.0
            ]
        ]
    },
    {
        "ID": 26,
        "Name": "OBJ_ASTEROID_A",
        "Type": 157,
        "Scale": 2.0,
        "Transform": [
            [
                -0.024524597451090814,
                0.0009032944799400866,
                -0.99969881772995,
                0.0
            ],
            [
                -0.03680722415447235,
                -0.9993223547935486,
                0.0,
                0.0
            ],
            [
                -0.9990213513374329,
                0.03679613769054413,
                0.024541229009628297,
                0.0
            ],
            [
                493.2295227050781,
                146.4509735107422,
                41.145606994628909,
                1.0
            ]
        ]
    },
    {
        "ID": 27,
        "Name": "OBJ_ASTEROID_G",
        "Type": 156,
        "Scale": 1.75,
        "Transform": [
            [
                0.1439877450466156,
                0.8257611393928528,
                -0.545324981212616,
                0.0
            ],
            [
                -0.985131025314331,
                0.17177702486515046,
                0.0,
                0.0
            ],
            [
                0.09367430210113526,
                0.5372165441513062,
                0.8382247090339661,
                0.0
            ],
            [
                429.1044616699219,
                144.21006774902345,
                13.533145904541016,
                1.0
            ]
        ]
    },
    {
        "ID": 28,
        "Name": "OBJ_ASTEROID_A",
        "Type": 156,
        "Scale": 2.0,
        "Transform": [
            [
                -0.72651606798172,
                -0.5781653523445129,
                -0.37131720781326296,
                0.0
            ],
            [
                0.6226834654808044,
                -0.7824569940567017,
                0.0,
                0.0
            ],
            [
                -0.2905397415161133,
                -0.23121307790279389,
                0.928506076335907,
                0.0
            ],
            [
                352.6171875,
                155.1167755126953,
                13.540576934814454,
                1.0
            ]
        ]
    },
    {
        "ID": 29,
        "Name": "OBJ_ASTEROID_G",
        "Type": 156,
        "Scale": 1.0,
        "Transform": [
            [
                -0.5399816632270813,
                -0.8416544198989868,
                -0.0,
                0.0
            ],
            [
                0.8416544198989868,
                -0.5399816632270813,
                0.0,
                0.0
            ],
            [
                -0.0,
                0.0,
                1.0,
                0.0
            ],
            [
                373.6097717285156,
                117.04328155517578,
                22.863597869873048,
                1.0
            ]
        ]
    },
    {
        "ID": 30,
        "Name": "OBJ_ASTEROID_G",
        "Type": 156,
        "Scale": 0.5,
        "Transform": [
            [
                0.9216636419296265,
                0.37834659218788149,
                -0.08579730987548828,
                0.0
            ],
            [
                -0.3797468841075897,
                0.9250747561454773,
                0.0,
                0.0
            ],
            [
                0.07936891913414002,
                0.032581258565187457,
                0.9963126182556152,
                0.0
            ],
            [
                405.47711181640627,
                102.10449981689453,
                10.696855545043946,
                1.0
            ]
        ]
    },
    {
        "ID": 31,
        "Name": "OBJ_ASTEROID_G",
        "Type": 156,
        "Scale": 1.5,
        "Transform": [
            [
                -0.2813799977302551,
                -0.8418462872505188,
                0.46053871512413027,
                0.0
            ],
            [
                0.9484099745750427,
                -0.31699803471565249,
                0.0,
                0.0
            ],
            [
                0.14598986506462098,
                0.4367794990539551,
                0.8876396417617798,
                0.0
            ],
            [
                574.5833129882813,
                156.91226196289063,
                29.788875579833986,
                1.0
            ]
        ]
    },
    {
        "ID": 32,
        "Name": "OBJ_ASTEROID_A",
        "Type": 156,
        "Scale": 2.0,
        "Transform": [
            [
                -0.958045244216919,
                0.13108128309249879,
                -0.2548656463623047,
                0.0
            ],
            [
                -0.1355578899383545,
                -0.990763783454895,
                0.0,
                0.0
            ],
            [
                -0.2525116503238678,
                0.0345490463078022,
                0.9669764637947083,
                0.0
            ],
            [
                631.2687377929688,
                202.05918884277345,
                44.38222885131836,
                1.0
            ]
        ]
    },
    {
        "ID": 33,
        "Name": "OBJ_ASTEROID_G",
        "Type": 156,
        "Scale": 1.75,
        "Transform": [
            [
                -0.09145837277173996,
                0.9626267552375794,
                0.2548656463623047,
                0.0
            ],
            [
                -0.9955017566680908,
                -0.09458180516958237,
                0.0,
                0.0
            ],
            [
                0.024105651304125787,
                -0.25371918082237246,
                0.9669764637947083,
                0.0
            ],
            [
                911.2548828125,
                368.4801025390625,
                55.630916595458987,
                1.0
            ]
        ]
    },
    {
        "ID": 34,
        "Name": "OBJ_ASTEROID_A",
        "Type": 156,
        "Scale": 1.75,
        "Transform": [
            [
                0.0689246729016304,
                0.6015658378601074,
                -0.7958369255065918,
                0.0
            ],
            [
                -0.9934845566749573,
                0.11382893472909928,
                0.0,
                0.0
            ],
            [
                0.0905892625451088,
                0.7906516790390015,
                0.6055110692977905,
                0.0
            ],
            [
                865.8871459960938,
                303.75848388671877,
                33.07022476196289,
                1.0
            ]
        ]
    },
    {
        "ID": 35,
        "Name": "OBJ_ASTEROID_G",
        "Type": 156,
        "Scale": 1.75,
        "Transform": [
            [
                0.058375511318445209,
                -0.7468454837799072,
                -0.6624158024787903,
                0.0
            ],
            [
                0.9969419836997986,
                0.0779237449169159,
                0.0,
                0.0
            ],
            [
                0.05161791667342186,
                -0.6603900790214539,
                0.7491363883018494,
                0.0
            ],
            [
                754.4513549804688,
                275.478515625,
                49.311065673828128,
                1.0
            ]
        ]
    },
    {
        "ID": 36,
        "Name": "OBJ_ASTEROID_A",
        "Type": 156,
        "Scale": 1.75,
        "Transform": [
            [
                0.703222393989563,
                -0.25819554924964907,
                0.6624158024787903,
                0.0
            ],
            [
                0.3446575999259949,
                0.9387108087539673,
                0.0,
                0.0
            ],
            [
                -0.621816873550415,
                0.2283066362142563,
                0.7491363883018494,
                0.0
            ],
            [
                727.6527709960938,
                212.93861389160157,
                26.170896530151368,
                1.0
            ]
        ]
    },
    {
        "ID": 37,
        "Name": "OBJ_ASTEROID_G",
        "Type": 156,
        "Scale": 1.25,
        "Transform": [
            [
                -0.7751274108886719,
                0.40822455286979678,
                -0.4821837842464447,
                0.0
            ],
            [
                -0.46597251296043398,
                -0.8847779035568237,
                0.0,
                0.0
            ],
            [
                -0.4266255497932434,
                0.22468438744544984,
                0.8760700821876526,
                0.0
            ],
            [
                1103.9127197265626,
                631.892333984375,
                74.25877380371094,
                1.0
            ]
        ]
    },
    {
        "ID": 38,
        "Name": "OBJ_ASTEROID_A",
        "Type": 156,
        "Scale": 1.75,
        "Transform": [
            [
                -0.5668965578079224,
                0.3426498770713806,
                0.7491363883018494,
                0.0
            ],
            [
                -0.5172731280326843,
                -0.8558017611503601,
                0.0,
                0.0
            ],
            [
                0.641112208366394,
                -0.3875080943107605,
                0.6624158024787903,
                0.0
            ],
            [
                1105.91455078125,
                564.6405639648438,
                52.24360656738281,
                1.0
            ]
        ]
    },
    {
        "ID": 39,
        "Name": "OBJ_ASTEROID_G",
        "Type": 156,
        "Scale": 1.75,
        "Transform": [
            [
                -0.03986839950084686,
                -0.9082766175270081,
                -0.4164295494556427,
                0.0
            ],
            [
                0.9990195631980896,
                -0.043851520866155627,
                0.0,
                0.0
            ],
            [
                -0.01826106756925583,
                -0.4160212576389313,
                0.909168004989624,
                0.0
            ],
            [
                1006.4054565429688,
                490.338134765625,
                72.83562469482422,
                1.0
            ]
        ]
    },
    {
        "ID": 40,
        "Name": "OBJ_ASTEROID_A",
        "Type": 156,
        "Scale": 1.75,
        "Transform": [
            [
                -0.7468583583831787,
                -0.2523278295993805,
                0.6152315735816956,
                0.0
            ],
            [
                -0.3200722932815552,
                0.9473733901977539,
                -0.0,
                0.0
            ],
            [
                -0.5828539729118347,
                -0.1969185769557953,
                -0.7883464097976685,
                0.0
            ],
            [
                1001.8506469726563,
                428.3055419921875,
                45.923282623291019,
                1.0
            ]
        ]
    },
    {
        "ID": 41,
        "Name": "OBJ_ASTEROID_A",
        "Type": 156,
        "Scale": 1.25,
        "Transform": [
            [
                0.0,
                0.6531728506088257,
                0.7572088241577148,
                0.0
            ],
            [
                -1.0,
                0.0,
                0.0,
                0.0
            ],
            [
                0.0,
                -0.7572088241577148,
                0.6531728506088257,
                0.0
            ],
            [
                1132.099853515625,
                861.8950805664063,
                60.48112487792969,
                1.0
            ]
        ]
    },
    {
        "ID": 42,
        "Name": "OBJ_ASTEROID_G",
        "Type": 156,
        "Scale": 1.25,
        "Transform": [
            [
                0.05325619876384735,
                0.9985638856887817,
                -0.0,
                0.0
            ],
            [
                -0.9985638856887817,
                0.05325619876384735,
                0.0,
                0.0
            ],
            [
                0.0,
                0.0,
                1.0,
                0.0
            ],
            [
                1178.1961669921876,
                710.4443969726563,
                64.21583557128906,
                1.0
            ]
        ]
    },
    {
        "ID": 44,
        "Name": "OBJ_ASTEROID_G",
        "Type": 156,
        "Scale": 1.0,
        "Transform": [
            [
                0.20711137354373933,
                0.978317379951477,
                -0.0,
                0.0
            ],
            [
                -0.978317379951477,
                0.20711137354373933,
                0.0,
                0.0
            ],
            [
                0.0,
                0.0,
                1.0,
                0.0
            ],
            [
                1227.075927734375,
                845.83642578125,
                42.99529266357422,
                1.0
            ]
        ]
    },
    {
        "ID": 48,
        "Name": "OBJ_ASTEROID_G",
        "Type": 156,
        "Scale": 0.8999999761581421,
        "Transform": [
            [
                -0.8625829815864563,
                0.48029083013534548,
                -0.15885815024375916,
                0.0
            ],
            [
                -0.4864683151245117,
                -0.8736774921417236,
                0.0,
                0.0
            ],
            [
                -0.1387907862663269,
                0.0772794559597969,
                0.9873014092445374,
                0.0
            ],
            [
                -1487.427001953125,
                341.9918518066406,
                99.51927185058594,
                1.0
            ]
        ]
    },
    {
        "ID": 49,
        "Name": "OBJ_ASTEROID_A",
        "Type": 156,
        "Scale": 1.0,
        "Transform": [
            [
                0.5955198407173157,
                -0.0146191930398345,
                -0.803207516670227,
                0.0
            ],
            [
                0.024541229009628297,
                0.99969881772995,
                0.0,
                0.0
            ],
            [
                0.8029655814170837,
                -0.019711699336767198,
                0.5956993103027344,
                0.0
            ],
            [
                -1486.579833984375,
                392.9863586425781,
                105.11909484863281,
                1.0
            ]
        ]
    },
    {
        "ID": 50,
        "Name": "OBJ_ASTEROID_G",
        "Type": 156,
        "Scale": 0.75,
        "Transform": [
            [
                -0.5349976420402527,
                0.8448535799980164,
                -0.0,
                0.0
            ],
            [
                -0.8448535799980164,
                -0.5349976420402527,
                0.0,
                0.0
            ],
            [
                0.0,
                0.0,
                1.0,
                0.0
            ],
            [
                -1531.3211669921876,
                442.0970458984375,
                96.7950668334961,
                1.0
            ]
        ]
    },
    {
        "ID": 51,
        "Name": "OBJ_ASTEROID_A",
        "Type": 156,
        "Scale": 0.5999999642372131,
        "Transform": [
            [
                -0.7167683839797974,
                -0.15174102783203126,
                -0.6806010007858276,
                0.0
            ],
            [
                0.20711137354373933,
                -0.978317379951477,
                0.0,
                0.0
            ],
            [
                -0.6658437848091126,
                -0.1409602016210556,
                0.7326542735099793,
                0.0
            ],
            [
                -1525.28466796875,
                486.0196228027344,
                93.8724365234375,
                1.0
            ]
        ]
    },
    {
        "ID": 56,
        "Name": "OBP_BELT",
        "Type": 55,
        "Scale": 0.6499999761581421,
        "Transform": [
            [
                -0.8160461783409119,
                0.574724555015564,
                -0.06132073700428009,
                0.0
            ],
            [
                -0.5758081674575806,
                -0.8175848126411438,
                0.0,
                0.0
            ],
            [
                -0.05013490095734596,
                0.03530897945165634,
                0.9981181025505066,
                0.0
            ],
            [
                964.4044799804688,
                1475.26171875,
                57.33667755126953,
                1.0
            ]
        ]
    },
    {
        "ID": 57,
        "Name": "OBP_BELT",
        "Type": 55,
        "Scale": 0.5999999642372131,
        "Transform": [
            [
                -0.8512780666351318,
                0.5102364420890808,
                -0.12241067737340927,
                0.0
            ],
            [
                -0.5141027569770813,
                -0.8577286005020142,
                0.0,
                0.0
            ],
            [
                -0.10499513894319534,
                0.06293166428804398,
                0.9924795627593994,
                0.0
            ],
            [
                841.6527099609375,
                1623.17529296875,
                47.510467529296878,
                1.0
            ]
        ]
    },
    {
        "ID": 58,
        "Name": "OBP_BELT",
        "Type": 55,
        "Scale": 0.5499999523162842,
        "Transform": [
            [
                -0.9619622826576233,
                0.2662108242511749,
                -0.06132073700428009,
                0.0
            ],
            [
                -0.2667127549648285,
                -0.9637760519981384,
                0.0,
                0.0
            ],
            [
                -0.059099454432725909,
                0.01635502092540264,
                0.9981181025505066,
                0.0
            ],
            [
                710.2013549804688,
                1707.453125,
                59.10620880126953,
                1.0
            ]
        ]
    },
    {
        "ID": 59,
        "Name": "OBP_BELT",
        "Type": 55,
        "Scale": 0.5,
        "Transform": [
            [
                0.9984946250915527,
                -0.02451166696846485,
                -0.049067676067352298,
                0.0
            ],
            [
                -0.024541229009628297,
                -0.99969881772995,
                -0.0,
                0.0
            ],
            [
                -0.049052894115448,
                0.001204180996865034,
                -0.9987954497337341,
                0.0
            ],
            [
                566.9332885742188,
                1757.03466796875,
                50.822532653808597,
                1.0
            ]
        ]
    },
    {
        "ID": 60,
        "Name": "OBP_BELT",
        "Type": 55,
        "Scale": 0.5,
        "Transform": [
            [
                -0.9812553524971008,
                -0.1826954185962677,
                -0.06132073700428009,
                0.0
            ],
            [
                0.18303988873958589,
                -0.983105480670929,
                0.0,
                0.0
            ],
            [
                -0.060284752398729327,
                -0.011224140413105488,
                0.9981181025505066,
                0.0
            ],
            [
                422.2153625488281,
                1784.3106689453126,
                46.818824768066409,
                1.0
            ]
        ]
    },
    {
        "ID": 61,
        "Name": "OBP_BELT",
        "Type": 55,
        "Scale": 0.44999998807907107,
        "Transform": [
            [
                0.9864962697029114,
                -0.14633288979530335,
                0.0735645666718483,
                0.0
            ],
            [
                -0.1467304676771164,
                -0.9891765117645264,
                -0.0,
                0.0
            ],
            [
                0.07276833802461624,
                -0.01079416275024414,
                -0.9972904324531555,
                0.0
            ],
            [
                289.696044921875,
                1798.22314453125,
                52.660987854003909,
                1.0
            ]
        ]
    },
    {
        "ID": 62,
        "Name": "OBP_BELT",
        "Type": 55,
        "Scale": 0.3999999761581421,
        "Transform": [
            [
                -0.9462906718254089,
                -0.27441921830177309,
                -0.1709618866443634,
