[
    {
        "ID": 56,
        "Name": "OBP_BELT_A",
        "Type": 55,
        "Scale": 0.8499999642372131,
        "Transform": [
            [
                -0.8175232410430908,
                0.5757647752761841,
                -0.012271538376808167,
                0.0
            ],
            [
                -0.5758081674575806,
                -0.8175848126411438,
                0.0,
                0.0
            ],
            [
                -0.010033022612333298,
                0.007066051941365004,
                0.9999247193336487,
                0.0
            ],
            [
                877.1574096679688,
                1552.8441162109376,
                77.58667755126953,
                1.0
            ]
        ]
    },
    {
        "ID": 57,
        "Name": "OBP_BELT_A",
        "Type": 55,
        "Scale": 0.7999999523162842,
        "Transform": [
            [
                -0.925082266330719,
                0.36994799971580508,
                -0.08579730987548828,
                0.0
            ],
            [
                -0.37131720781326296,
                -0.928506076335907,
                0.0,
                0.0
            ],
            [
                -0.07966332137584686,
                0.031858015805482867,
                0.9963126182556152,
                0.0
            ],
            [
                676.0728149414063,
                1702.4056396484376,
                63.510467529296878,
                1.0
            ]
        ]
    },
    {
        "ID": 58,
        "Name": "OBP_BELT_A",
        "Type": 55,
        "Scale": 0.75,
        "Transform": [
            [
                -0.9611645936965942,
                0.26599007844924929,
                -0.0735645666718483,
                0.0
            ],
            [
                -0.2667127549648285,
                -0.9637760519981384,
                0.0,
                0.0
            ],
            [
                -0.07089976221323013,
                0.019620606675744058,
                0.9972904324531555,
                0.0
            ],
            [
                466.3310546875,
                1818.765380859375,
                69.98120880126953,
                1.0
            ]
        ]
    },
    {
        "ID": 60,
        "Name": "OBP_BELT_A",
        "Type": 55,
        "Scale": 0.699999988079071,
        "Transform": [
            [
                -0.9617891311645508,
                -0.1790710985660553,
                -0.20711137354373933,
                0.0
            ],
            [
                0.18303988873958589,
                -0.983105480670929,
                0.0,
                0.0
            ],
            [
                -0.2036123126745224,
                -0.03790964186191559,
                0.978317379951477,
                0.0
            ],
            [
                202.8246307373047,
                1839.869384765625,
                73.3188247680664,
                1.0
            ]
        ]
    },
    {
        "ID": 63,
        "Name": "OBP_BELT_A",
        "Type": 55,
        "Scale": 0.5499999523162842,
        "Transform": [
            [
                -0.9483843445777893,
                -0.3133038878440857,
                0.049067676067352298,
                0.0
            ],
            [
                0.3136817514896393,
                -0.949528157711029,
                0.0,
                0.0
            ],
            [
                0.0465911366045475,
                0.015391633845865727,
                0.9987954497337341,
                0.0
            ],
            [
                37.6385498046875,
                1789.5380859375,
                62.04578399658203,
                1.0
            ]
        ]
    },
    {
        "ID": 67,
        "Name": "OBP_BELT_A",
        "Type": 55,
        "Scale": 0.5999999642372131,
        "Transform": [
            [
                -0.30164214968681338,
                -0.9521576762199402,
                -0.049067672342061999,
                0.0
            ],
            [
                0.9533060193061829,
                -0.30200594663619997,
                0.0,
                0.0
            ],
            [
                -0.014818727970123291,
                -0.046776507049798968,
                0.9987954497337341,
                0.0
            ],
            [
                -724.3214721679688,
                1537.222412109375,
                64.75601959228516,
                1.0
            ]
        ]
    },
    {
        "ID": 68,
        "Name": "OBP_BELT_A",
        "Type": 55,
        "Scale": 0.7999999523162842,
        "Transform": [
            [
                -0.42366546392440798,
                -0.8957653641700745,
                -0.13458070158958436,
                0.0
            ],
            [
                0.903989315032959,
                -0.4275550842285156,
                0.0,
                0.0
            ],
            [
                -0.057540662586688998,
                -0.12165950983762741,
                0.9909026622772217,
                0.0
            ],
            [
                -1112.65966796875,
                1260.1666259765626,
                84.39005279541016,
                1.0
            ]
        ]
    },
    {
        "ID": 71,
        "Name": "OBP_BELT_A",
        "Type": 55,
        "Scale": 0.5499999523162842,
        "Transform": [
            [
                -0.7046489119529724,
                -0.6708815693855286,
                0.23105810582637788,
                0.0
            ],
            [
                0.6895405650138855,
                -0.7242470979690552,
                0.0,
                0.0
            ],
            [
                0.1673431545495987,
                0.15932393074035645,
                0.9729399681091309,
                0.0
            ],
            [
                -945.6062622070313,
                1416.817626953125,
                77.8307876586914,
                1.0
            ]
        ]
    },
    {
        "ID": 72,
        "Name": "OBP_BELT_A",
        "Type": 55,
        "Scale": 0.5,
        "Transform": [
            [
                -0.7712529897689819,
                -0.6018916964530945,
                -0.20711137354373933,
                0.0
            ],
            [
                0.6152315735816956,
                -0.7883464097976685,
                0.0,
                0.0
            ],
            [
                -0.16327549517154694,
                -0.12742145359516145,
                0.978317379951477,
                0.0
            ],
            [
                -799.8214111328125,
                1518.4700927734376,
                82.447509765625,
                1.0
            ]
        ]
    },
    {
        "ID": 73,
        "Name": "OBP_BELT_A",
        "Type": 55,
        "Scale": 0.3999999761581421,
        "Transform": [
            [
                -0.8021309971809387,
                -0.521843433380127,
                0.290284663438797,
                0.0
            ],
            [
                0.545324981212616,
                -0.8382247090339661,
                0.0,
                0.0
            ],
            [
                0.24332377314567567,
                0.15829947590827943,
                0.9569403529167175,
                0.0
            ],
            [
                -645.0186767578125,
                1595.923583984375,
                73.22048950195313,
                1.0
            ]
        ]
    },
    {
        "ID": 79,
        "Name": "OBP_BELT_A",
        "Type": 55,
        "Scale": 0.29999998211860659,
        "Transform": [
            [
                -0.8872625827789307,
                -0.43304643034935,
                -0.15885815024375916,
                0.0
            ],
            [
                0.43861624598503115,
                -0.898674488067627,
                0.0,
                0.0
            ],
            [
                -0.14276175200939179,
                -0.06967776268720627,
                0.9873014092445374,
                0.0
            ],
            [
                -91.89732360839844,
                1739.8594970703126,
                61.93614959716797,
                1.0
            ]
        ]
    },
    {
        "ID": 12,
        "Name": "OBP_BELT_A",
        "Type": 55,
        "Scale": 0.29999998211860659,
        "Transform": [
            [
                -0.8195343613624573,
                -0.518964409828186,
                0.24298018217086793,
                0.0
            ],
            [
                0.5349976420402527,
                -0.8448535799980164,
                0.0,
                0.0
            ],
            [
                0.20528267323970796,
                0.12999381124973298,
                0.9700312614440918,
                0.0
            ],
            [
                -375.0235595703125,
                1732.74658203125,
                69.55377197265625,
                1.0
            ]
        ]
    },
    {
        "ID": 17,
        "Name": "OBP_BELT_A",
        "Type": 0,
        "Scale": 0.5,
        "Transform": [
            [
                -0.8283174633979797,
                -0.5103942155838013,
                -0.23105810582637788,
                0.0
            ],
            [
                0.5245896577835083,
                -0.8513551950454712,
                0.0,
                0.0
            ],
            [
                -0.19671250879764558,
                -0.12121068686246872,
                0.9729399681091309,
                0.0
            ],
            [
                -500.2911376953125,
                1684.9063720703126,
                67.96365356445313,
                1.0
            ]
        ]
    },
    {
        "ID": 28,
        "Name": "OBP_SPHERE",
        "Type": 156,
        "Scale": 1.0,
        "Transform": [
            [
                -0.9744932055473328,
                0.22433435916900636,
                -0.0,
                0.0
            ],
            [
                -0.22433435916900636,
                -0.9744932055473328,
                0.0,
                0.0
            ],
            [
                0.0,
                0.0,
                1.0,
                0.0
            ],
            [
                0.0,
                0.0,
                100.0,
                1.0
            ]
        ]
    },
    {
        "ID": 3,
        "Name": "OBP_NORRATH_B",
        "Type": 156,
        "Scale": 1.0,
        "Transform": [
            [
                -0.29927557706832888,
                0.9541525840759277,
                -0.0,
                0.0
            ],
            [
                -0.9541525840759277,
                -0.29927557706832888,
                0.0,
                0.0
            ],
            [
                0.0,
                0.0,
                1.0,
                0.0
            ],
            [
                -253.85382080078126,
                1783.2908935546876,
                76.1823959350586,
                1.0
            ]
        ]
    },
    {
        "ID": 2,
        "Name": "OBP_BELT_C",
        "Type": 55,
        "Scale": 0.29999998211860659,
        "Transform": [
            [
                -0.812603235244751,
                -0.5722997188568115,
                -0.11022220551967621,
                0.0
            ],
            [
                0.5758081674575806,
                -0.8175848126411438,
                0.0,
                0.0
            ],
            [
                -0.0901159942150116,
                -0.06346683949232102,
                0.9939069747924805,
                0.0
            ],
            [
                -351.3074035644531,
                1741.6353759765626,
                71.66697692871094,
                1.0
            ]
        ]
    },
    {
        "ID": 4,
        "Name": "OBP_BELT_C",
        "Type": 55,
        "Scale": 0.29999998211860659,
        "Transform": [
            [
                -0.8101469278335571,
                -0.5705698132514954,
                0.13458070158958436,
                0.0
            ],
            [
                0.5758081674575806,
                -0.8175848126411438,
                0.0,
                0.0
            ],
            [
                0.1100311353802681,
                0.07749266177415848,
                0.9909026622772217,
                0.0
            ],
            [
                -335.04638671875,
                1727.552001953125,
                57.82584762573242,
                1.0
            ]
        ]
    },
    {
        "ID": 5,
        "Name": "OBP_BELT_C",
        "Type": 55,
        "Scale": 0.29999998211860659,
        "Transform": [
            [
                -0.8451008200645447,
                -0.5065339207649231,
                0.1709618866443634,
                0.0
            ],
            [
                0.5141027569770813,
                -0.8577286005020142,
                0.0,
                0.0
            ],
            [
                0.146638885140419,
                0.08789197355508805,
                0.9852776527404785,
                0.0
            ],
            [
                -184.58065795898438,
                1766.57958984375,
                76.44644165039063,
                1.0
            ]
        ]
    },
    {
        "ID": 7,
        "Name": "OBP_BELT_C",
        "Type": 55,
        "Scale": 0.29999998211860659,
        "Transform": [
            [
                -0.8512780666351318,
                -0.5102364420890808,
                -0.12241067737340927,
                0.0
            ],
            [
                0.5141027569770813,
                -0.8577286005020142,
                0.0,
                0.0
            ],
            [
                -0.10499513894319534,
                -0.06293166428804398,
                0.9924795627593994,
                0.0
            ],
            [
                -189.12203979492188,
                1723.984375,
                52.706546783447269,
                1.0
            ]
        ]
    },
    {
        "ID": 9,
        "Name": "OBP_BELT_A",
        "Type": 55,
        "Scale": 0.44999998807907107,
        "Transform": [
            [
                -0.6156600713729858,
                -0.7692428827285767,
                0.1709618866443634,
                0.0
            ],
            [
                0.7807372212409973,
                -0.6248595118522644,
                0.0,
                0.0
            ],
            [
                0.10682715475559235,
                0.13347630202770234,
                0.9852776527404785,
                0.0
            ],
            [
                -503.00152587890627,
                1599.953125,
                69.2385025024414,
                1.0
            ]
        ]
    },
    {
        "ID": 10,
        "Name": "OBP_BELT_A",
        "Type": 55,
        "Scale": 0.5,
        "Transform": [
            [
                -0.29817089438438418,
                -0.9412003755569458,
                0.15885815024375916,
                0.0
            ],
            [
                0.9533060193061829,
                -0.30200594663619997,
                0.0,
                0.0
            ],
            [
                0.04797610267996788,
                0.15144042670726777,
                0.9873014092445374,
                0.0
            ],
            [
                -800.9151611328125,
                1413.8087158203126,
                59.5191535949707,
                1.0
            ]
        ]
    },
    {
        "ID": 11,
        "Name": "OBP_BELT_A",
        "Type": 55,
        "Scale": 0.5499999523162842,
        "Transform": [
            [
                -0.9831494092941284,
                -0.10902921110391617,
                -0.1467304676771164,
                0.0
            ],
            [
                0.11022220551967621,
                -0.9939069747924805,
                0.0,
                0.0
            ],
            [
                -0.14583642780780793,
                -0.016172954812645913,
                0.9891765117645264,
                0.0
            ],
            [
                84.40474700927735,
                1779.5631103515626,
                75.66368865966797,
                1.0
            ]
        ]
    },
    {
        "ID": 13,
        "Name": "OBP_BELT_A",
        "Type": 55,
        "Scale": 0.6499999761581421,
        "Transform": [
            [
                -0.9329928159713745,
                -0.3598950505256653,
                -0.0,
                0.0
            ],
            [
                0.3598950505256653,
                -0.9329928159713745,
                0.0,
                0.0
            ],
            [
                -0.0,
                0.0,
                1.0,
                0.0
            ],
            [
                261.8656921386719,
                1802.4681396484376,
                87.30353546142578,
                1.0
            ]
        ]
    },
    {
        "ID": 14,
        "Name": "OBP_BELT_A",
        "Type": 55,
        "Scale": 0.75,
        "Transform": [
            [
                -1.0,
                0.0,
                -0.0,
                0.0
            ],
            [
                -0.0,
                -1.0,
                0.0,
                0.0
            ],
            [
                0.0,
                0.0,
                1.0,
                0.0
            ],
            [
                416.3746643066406,
                1814.1649169921876,
                91.8570556640625,
                1.0
            ]
        ]
    },
    {
        "ID": 15,
        "Name": "OBP_BELT_A",
        "Type": 55,
        "Scale": 0.75,
        "Transform": [
            [
                -1.0,
                0.0,
                -0.0,
                0.0
            ],
            [
                -0.0,
                -1.0,
                0.0,
                0.0
            ],
            [
                0.0,
                0.0,
                1.0,
                0.0
            ],
            [
                621.1864624023438,
                1683.200439453125,
                98.39636993408203,
                1.0
            ]
        ]
    },
    {
        "ID": 16,
        "Name": "OBP_BELT_A",
        "Type": 55,
        "Scale": 0.7999999523162842,
        "Transform": [
            [
                -0.9604305028915405,
                0.2785196900367737,
                -0.0,
                0.0
            ],
            [
                -0.2785196900367737,
                -0.9604305028915405,
                0.0,
                0.0
            ],
            [
                0.0,
                0.0,
                1.0,
                0.0
            ],
            [
                812.0291748046875,
                1561.571044921875,
                91.72383880615235,
                1.0
            ]
        ]
    }
]