[
    {
        "ID": 15,
        "Name": "OBJ_ASTEROID_A",
        "Type": 156,
        "Scale": 1.75,
        "Transform": [
            [
                0.5767269730567932,
                -0.1844450831413269,
                -0.7958369255065918,
                0.0
            ],
            [
                0.30461061000823977,
                0.9524632096290588,
                0.0,
                0.0
            ],
            [
                0.7580053806304932,
                -0.24242036044597627,
                0.6055110692977905,
                0.0
            ],
            [
                -507.76019287109377,
                -203.19639587402345,
                41.60258865356445,
                1.0
            ]
        ]
    },
    {
        "ID": 16,
        "Name": "OBJ_ASTEROID_A",
        "Type": 156,
        "Scale": 2.25,
        "Transform": [
            [
                -0.15207229554653169,
                -0.7251700758934021,
                -0.6715589761734009,
                0.0
            ],
            [
                0.978701651096344,
                -0.20523931086063386,
                0.0,
                0.0
            ],
            [
                -0.13783028721809388,
                -0.6572558283805847,
                0.7409511208534241,
                0.0
            ],
            [
                -1131.0496826171876,
                -38.35567092895508,
                103.47758483886719,
                1.0
            ]
        ]
    },
    {
        "ID": 24,
        "Name": "OBJ_ASTEROID_A",
        "Type": 157,
        "Scale": 2.0,
        "Transform": [
            [
                -0.922848641872406,
                0.36905473470687868,
                0.11022220551967621,
                0.0
            ],
            [
                -0.37131720781326296,
                -0.928506076335907,
                0.0,
                0.0
            ],
            [
                0.10234198719263077,
                -0.040927398949861529,
                0.9939069747924805,
                0.0
            ],
            [
                -289.6387939453125,
                -168.602294921875,
                38.82790756225586,
                1.0
            ]
        ]
    },
    {
        "ID": 2,
        "Name": "OBJ_ASTEROID_G",
        "Type": 156,
        "Scale": 1.5,
        "Transform": [
            [
                0.738323986530304,
                -0.4927234351634979,
                0.46053871512413027,
                0.0
            ],
            [
                0.5550940036773682,
                0.8317835330963135,
                0.0,
                0.0
            ],
            [
                -0.3830685019493103,
                0.25564226508140566,
                0.8876396417617798,
                0.0
            ],
            [
                -343.5234375,
                -138.54103088378907,
                27.471179962158204,
                1.0
            ]
        ]
    },
    {
        "ID": 5,
        "Name": "OBJ_ASTEROID_G",
        "Type": 156,
        "Scale": 1.75,
        "Transform": [
            [
                0.5379302501678467,
                0.8035328388214111,
                0.2548656463623047,
                0.0
            ],
            [
                -0.8309745788574219,
                0.5563012957572937,
                0.0,
                0.0
            ],
            [
                -0.14178207516670228,
                -0.21178686618804933,
                0.9669764637947083,
                0.0
            ],
            [
                -404.2039489746094,
                -190.55760192871095,
                38.288299560546878,
                1.0
            ]
        ]
    },
    {
        "ID": 10,
        "Name": "OBJ_ASTEROID_A",
        "Type": 156,
        "Scale": 1.75,
        "Transform": [
            [
                -0.34536507725715639,
                -0.5759455561637878,
                0.7409511208534241,
                0.0
            ],
            [
                0.8576247096061707,
                -0.5142736434936523,
                0.0,
                0.0
            ],
            [
                0.381051629781723,
                0.6354579329490662,
                0.6715589761734009,
                0.0
            ],
            [
                -614.8333129882813,
                -196.06968688964845,
                47.953277587890628,
                1.0
            ]
        ]
    },
    {
        "ID": 11,
        "Name": "OBJ_ASTEROID_G",
        "Type": 156,
        "Scale": 1.75,
        "Transform": [
            [
                0.9452529549598694,
                -0.02546892687678337,
                -0.32531028985977175,
                0.0
            ],
            [
                0.026933936402201654,
                0.9996253252029419,
                0.0,
                0.0
            ],
            [
                0.32518839836120608,
                -0.00876188650727272,
                0.9456073045730591,
                0.0
            ],
            [
                -748.970458984375,
                -189.7050018310547,
                59.7952995300293,
                1.0
            ]
        ]
    },
    {
        "ID": 14,
        "Name": "OBJ_ASTEROID_A",
        "Type": 156,
        "Scale": 1.75,
        "Transform": [
            [
                0.4854772984981537,
                -0.3618655800819397,
                -0.7958369255065918,
                0.0
            ],
            [
                0.5976201295852661,
                0.8017645478248596,
                0.0,
                0.0
            ],
            [
                0.6380738019943237,
                -0.47560814023017886,
                0.6055110692977905,
                0.0
            ],
            [
                -853.8016357421875,
                -139.8885498046875,
                86.13629150390625,
                1.0
            ]
        ]
    },
    {
        "ID": 18,
        "Name": "OBJ_ASTEROID_G",
        "Type": 156,
        "Scale": 1.75,
        "Transform": [
            [
                -0.8639728426933289,
                0.5035383701324463,
                -0.0,
                0.0
            ],
            [
                -0.5035383701324463,
                -0.8639728426933289,
                0.0,
                0.0
            ],
            [
                0.0,
                0.0,
                1.0,
                0.0
            ],
            [
                -1272.62841796875,
                47.21673583984375,
                126.65436553955078,
                1.0
            ]
        ]
    },
    {
        "ID": 19,
        "Name": "OBJ_ASTEROID_A",
        "Type": 156,
        "Scale": 1.75,
        "Transform": [
            [
                0.4805609881877899,
                0.4690963923931122,
                0.7409511208534241,
                0.0
            ],
            [
                -0.6985185742378235,
                0.7155901789665222,
                0.0,
                0.0
            ],
            [
                -0.5302172899246216,
                -0.5175681114196777,
                0.6715589761734009,
                0.0
            ],
            [
                -1338.8887939453126,
                138.3213348388672,
                112.26420593261719,
                1.0
            ]
        ]
    },
    {
        "ID": 20,
        "Name": "OBJ_ASTEROID_G",
        "Type": 156,
        "Scale": 1.2999999523162842,
        "Transform": [
            [
                -0.16405275464057923,
                -0.9312558174133301,
                -0.32531028985977175,
                0.0
            ],
            [
                0.9848230481147766,
                -0.17348931729793549,
                0.0,
                0.0
            ],
            [
                -0.05643785744905472,
                -0.3203730583190918,
                0.9456073045730591,
                0.0
            ],
            [
                -1410.084228515625,
                208.5277099609375,
                120.73123168945313,
                1.0
            ]
        ]
    },
    {
        "ID": 21,
        "Name": "OBJ_ASTEROID_A",
        "Type": 156,
        "Scale": 1.5,
        "Transform": [
            [
                -0.6555899381637573,
                -0.18278470635414124,
                -0.7326542735099793,
                0.0
            ],
            [
                0.2685636878013611,
                -0.963251531124115,
                0.0,
                0.0
            ],
            [
                -0.7057303190231323,
                -0.19676432013511659,
                0.6806010007858276,
                0.0
            ],
            [
                -997.9248657226563,
                -101.43324279785156,
                101.56888580322266,
                1.0
            ]
        ]
    },
    {
        "ID": 25,
        "Name": "OBJ_ASTEROID_A",
        "Type": 156,
        "Scale": 1.75,
        "Transform": [
            [
                -0.22872620820999146,
                -0.33451759815216067,
                -0.91420978307724,
                0.0
            ],
            [
                -0.8254776000976563,
                0.5644198060035706,
                -0.0,
                0.0
            ],
            [
                0.5159980654716492,
                0.7546596527099609,
                -0.40524131059646609,
                0.0
            ],
            [
                479.0443115234375,
                97.6385269165039,
                26.208232879638673,
                1.0
            ]
        ]
    },
    {
        "ID": 26,
        "Name": "OBJ_ASTEROID_A",
        "Type": 157,
        "Scale": 2.0,
        "Transform": [
            [
                0.06127918139100075,
                -0.0022570460569113495,
                -0.9981181025505066,
                0.0
            ],
            [
                -0.03680722415447235,
                -0.9993223547935486,
                -0.0,
                0.0
            ],
            [
                -0.9974417090415955,
                0.03673795610666275,
                -0.06132073700428009,
                0.0
            ],
            [
                493.2295227050781,
                146.4509735107422,
                41.145606994628909,
                1.0
            ]
        ]
    },
    {
        "ID": 32,
        "Name": "OBJ_ASTEROID_A",
        "Type": 156,
        "Scale": 2.0,
        "Transform": [
            [
                -0.9416725635528565,
                0.21969376504421235,
                -0.2548656463623047,
                0.0
            ],
            [
                -0.227196604013443,
                -0.9738319516181946,
                0.0,
                0.0
            ],
            [
                -0.2481963038444519,
                0.05790460854768753,
                0.9669764637947083,
                0.0
            ],
            [
                587.7304077148438,
                161.8721466064453,
                44.38222885131836,
                1.0
            ]
        ]
    },
    {
        "ID": 34,
        "Name": "OBJ_ASTEROID_A",
        "Type": 156,
        "Scale": 1.75,
        "Transform": [
            [
                0.12577229738235475,
                0.5923025608062744,
                -0.7958369255065918,
                0.0
            ],
            [
                -0.9781861901283264,
                0.20771263539791108,
                0.0,
                0.0
            ],
            [
                0.16530537605285645,
                0.7784766554832459,
                0.6055110692977905,
                0.0
            ],
            [
                865.8871459960938,
                303.75848388671877,
                33.07022476196289,
                1.0
            ]
        ]
    },
    {
        "ID": 35,
        "Name": "OBJ_ASTEROID_G",
        "Type": 156,
        "Scale": 1.75,
        "Transform": [
            [
                -0.009858419187366963,
                -0.7490676641464233,
                -0.6624158024787903,
                0.0
            ],
            [
                0.9999083280563355,
                -0.01315971277654171,
                0.0,
                0.0
            ],
            [
                -0.00871720165014267,
                -0.6623550653457642,
                0.7491363883018494,
                0.0
            ],
            [
                754.4513549804688,
                275.478515625,
                49.311065673828128,
                1.0
            ]
        ]
    },
    {
        "ID": 36,
        "Name": "OBJ_ASTEROID_A",
        "Type": 156,
        "Scale": 1.75,
        "Transform": [
            [
                0.6765074729919434,
                -0.32176169753074648,
                0.6624158024787903,
                0.0
            ],
            [
                0.4295102059841156,
                0.9030498266220093,
                0.0,
                0.0
            ],
            [
                -0.598194420337677,
                0.28451433777809145,
                0.7491363883018494,
                0.0
            ],
            [
                727.6527709960938,
                212.93861389160157,
                26.170896530151368,
                1.0
            ]
        ]
    },
    {
        "ID": 37,
        "Name": "OBJ_ASTEROID_G",
        "Type": 156,
        "Scale": 1.25,
        "Transform": [
            [
                -0.7337531447410584,
                0.47863826155662539,
                -0.4821837842464447,
                0.0
            ],
            [
                -0.5463470220565796,
                -0.8375507593154907,
                0.0,
                0.0
            ],
            [
                -0.4038533866405487,
                0.2634396553039551,
                0.8760700821876526,
                0.0
            ],
            [
                1097.005126953125,
                677.657958984375,
                74.25877380371094,
                1.0
            ]
        ]
    },
    {
        "ID": 38,
        "Name": "OBJ_ASTEROID_A",
        "Type": 156,
        "Scale": 1.75,
        "Transform": [
            [
                -0.5325053334236145,
                0.393988698720932,
                0.7491363883018494,
                0.0
            ],
            [
                -0.5947755575180054,
                -0.8038838505744934,
                0.0,
                0.0
            ],
            [
                0.6022186279296875,
                -0.4455679953098297,
                0.6624158024787903,
                0.0
            ],
            [
                1115.8037109375,
                587.8263549804688,
                52.24360656738281,
                1.0
            ]
        ]
    },
    {
        "ID": 39,
        "Name": "OBJ_ASTEROID_G",
        "Type": 156,
        "Scale": 1.75,
        "Transform": [
            [
                -0.12238308787345886,
                -0.9008931517601013,
                -0.4164295494556427,
                0.0
            ],
            [
                0.9908984899520874,
                -0.13460998237133027,
                0.0,
                0.0
            ],
            [
                -0.056055571883916858,
                -0.41263940930366518,
                0.909168004989624,
                0.0
            ],
            [
                988.7864379882813,
                457.1257019042969,
                72.83562469482422,
                1.0
            ]
        ]
    },
    {
        "ID": 40,
        "Name": "OBJ_ASTEROID_A",
        "Type": 156,
        "Scale": 1.75,
        "Transform": [
            [
                -0.7672474384307861,
                -0.18114198744297028,
                0.6152315735816956,
                0.0
            ],
            [
                -0.2297746241092682,
                0.9732364416122437,
                -0.0,
                0.0
            ],
            [
                -0.5987657308578491,
                -0.14136458933353425,
                -0.7883464097976685,
                0.0
            ],
            [
                960.42529296875,
                390.7572937011719,
                45.923282623291019,
                1.0
            ]
        ]
    },
    {
        "ID": 48,
        "Name": "OBJ_ASTEROID_G",
        "Type": 156,
        "Scale": 0.8999999761581421,
        "Transform": [
            [
                -0.8141139149665833,
                0.5585538744926453,
                -0.15885815024375916,
                0.0
            ],
            [
                -0.5657379627227783,
                -0.8245850205421448,
                0.0,
                0.0
            ],
            [
                -0.13099204003810883,
                0.0898720845580101,
                0.9873014092445374,
                0.0
            ],
            [
                -1474.8555908203126,
                302.6518249511719,
                108.64427185058594,
                1.0
            ]
        ]
    },
    {
        "ID": 49,
        "Name": "OBJ_ASTEROID_A",
        "Type": 156,
        "Scale": 1.0,
        "Transform": [
            [
                0.5955198407173157,
                -0.0146191930398345,
                -0.803207516670227,
                0.0
            ],
            [
                0.024541229009628297,
                0.99969881772995,
                0.0,
                0.0
            ],
            [
                0.8029655814170837,
                -0.019711699336767198,
                0.5956993103027344,
                0.0
            ],
            [
                -1486.579833984375,
                392.9863586425781,
                105.11909484863281,
                1.0
            ]
        ]
    },
    {
        "ID": 50,
        "Name": "OBJ_ASTEROID_G",
        "Type": 156,
        "Scale": 0.75,
        "Transform": [
            [
                -0.5349976420402527,
                0.8448535799980164,
                -0.0,
                0.0
            ],
            [
                -0.8448535799980164,
                -0.5349976420402527,
                0.0,
                0.0
            ],
            [
                0.0,
                0.0,
                1.0,
                0.0
            ],
            [
                -1531.3211669921876,
                442.0970458984375,
                96.7950668334961,
                1.0
            ]
        ]
    },
    {
        "ID": 51,
        "Name": "OBJ_ASTEROID_A",
        "Type": 156,
        "Scale": 0.5999999642372131,
        "Transform": [
            [
                -0.7167683839797974,
                -0.15174102783203126,
                -0.6806010007858276,
                0.0
            ],
            [
                0.20711137354373933,
                -0.978317379951477,
                0.0,
                0.0
            ],
            [
                -0.6658437848091126,
                -0.1409602016210556,
                0.7326542735099793,
                0.0
            ],
            [
                -1525.28466796875,
                486.0196228027344,
                102.2474365234375,
                1.0
            ]
        ]
    },
    {
        "ID": 55,
        "Name": "OBP_BELT_A",
        "Type": 55,
        "Scale": 0.8999999761581421,
        "Transform": [
            [
                -0.7504647374153137,
                0.6314604878425598,
                -0.19509032368659974,
                0.0
            ],
            [
                -0.6438315510749817,
                -0.765167236328125,
                0.0,
                0.0
            ],
            [
                -0.1492767184972763,
                0.12560530006885529,
                0.9807852506637573,
                0.0
            ],
            [
                1084.5911865234376,
                1308.4200439453126,
                89.1730728149414,
                1.0
            ]
        ]
    },
    {
        "ID": 56,
        "Name": "OBP_BELT_A",
        "Type": 55,
        "Scale": 0.8499999642372131,
        "Transform": [
            [
                -0.8101469278335571,
                0.5705698132514954,
                0.13458070158958436,
                0.0
            ],
            [
                -0.5758081674575806,
                -0.8175848126411438,
                0.0,
                0.0
            ],
            [
                0.1100311353802681,
                -0.07749266177415848,
                0.9909026622772217,
                0.0
            ],
            [
                964.4044799804688,
                1475.26171875,
                86.08667755126953,
                1.0
            ]
        ]
    },
    {
        "ID": 57,
        "Name": "OBP_BELT_A",
        "Type": 55,
        "Scale": 0.7999999523162842,
        "Transform": [
            [
                -0.8345184326171875,
                0.5001910924911499,
                -0.23105810582637788,
                0.0
            ],
            [
                -0.5141027569770813,
                -0.8577286005020142,
                0.0,
                0.0
            ],
            [
                -0.19818513095378877,
                0.11878760904073715,
                0.9729399681091309,
                0.0
            ],
            [
                841.4287719726563,
                1622.7308349609376,
                74.88546752929688,
                1.0
            ]
        ]
    },
    {
        "ID": 58,
        "Name": "OBP_BELT_A",
        "Type": 55,
        "Scale": 0.75,
        "Transform": [
            [
                -0.9602221846580505,
                0.26572927832603457,
                -0.08579730987548828,
                0.0
            ],
            [
                -0.2667127549648285,
                -0.9637760519981384,
                0.0,
                0.0
            ],
            [
                -0.08268938958644867,
                0.022883236408233644,
                0.9963126182556152,
                0.0
            ],
            [
                608.5175170898438,
                1714.78759765625,
                53.48120880126953,
                1.0
            ]
        ]
    },
    {
        "ID": 59,
        "Name": "OBP_BELT_A",
        "Type": 55,
        "Scale": 0.699999988079071,
        "Transform": [
            [
                -0.9948849678039551,
                0.024423055350780488,
                -0.0980171412229538,
                0.0
            ],
            [
                -0.024541229009628297,
                -0.99969881772995,
                0.0,
                0.0
            ],
            [
                -0.09798761457204819,
                0.002405460923910141,
                0.9951847195625305,
                0.0
            ],
            [
                491.7652587890625,
                1787.87841796875,
                75.5725326538086,
                1.0
            ]
        ]
    },
    {
        "ID": 60,
        "Name": "OBP_BELT_A",
        "Type": 55,
        "Scale": 0.699999988079071,
        "Transform": [
            [
                -0.9741618037223816,
                -0.1813746988773346,
                0.13458070158958436,
                0.0
            ],
            [
                0.18303988873958589,
                -0.983105480670929,
                0.0,
                0.0
            ],
            [
                0.1323070228099823,
                0.024633634835481645,
                0.9909026622772217,
                0.0
            ],
            [
                433.78570556640627,
                1778.940673828125,
                69.3188247680664,
                1.0
            ]
        ]
    },
    {
        "ID": 61,
        "Name": "OBP_BELT_A",
        "Type": 55,
        "Scale": 0.6499999761581421,
        "Transform": [
            [
                -0.9722806215286255,
                -0.23090152442455293,
                -0.03680722415447235,
                0.0
            ],
            [
                0.23105810582637788,
                -0.9729399681091309,
                0.0,
                0.0
            ],
            [
                -0.03581121936440468,
                -0.008504606783390046,
                0.9993223547935486,
                0.0
            ],
            [
                289.696044921875,
                1798.22314453125,
                68.5359878540039,
                1.0
            ]
        ]
    },
    {
        "ID": 62,
        "Name": "OBP_BELT_A",
        "Type": 55,
        "Scale": 0.5999999642372131,
        "Transform": [
            [
                -0.9419760704040527,
                -0.27316799759864809,
                0.19509032368659974,
                0.0
            ],
            [
                0.2785196900367737,
                -0.9604305028915405,
                0.0,
                0.0
            ],
            [
                0.1873706877231598,
                0.05433649569749832,
                0.9807852506637573,
                0.0
            ],
            [
                157.5018768310547,
                1793.1370849609376,
                64.97040557861328,
                1.0
            ]
        ]
    },
    {
        "ID": 63,
        "Name": "OBP_BELT_A",
        "Type": 55,
        "Scale": 0.5499999523162842,
        "Transform": [
            [
                -0.9392509460449219,
                -0.31028661131858828,
                -0.1467304676771164,
                0.0
            ],
            [
                0.3136817514896393,
                -0.949528157711029,
                0.0,
                0.0
            ],
            [
                -0.13932470977306367,
                -0.046026669442653659,
                0.9891765117645264,
                0.0
            ],
            [
                44.544227600097659,
                1786.824462890625,
                62.04578399658203,
                1.0
            ]
        ]
    },
    {
        "ID": 64,
        "Name": "OBP_BELT_A",
        "Type": 55,
        "Scale": 0.5,
        "Transform": [
            [
                -0.8929552435874939,
                -0.4494759142398834,
                0.024541229009628297,
                0.0
            ],
            [
                0.4496113359928131,
                -0.89322429895401,
                0.0,
                0.0
            ],
            [
                0.02192082069814205,
                0.011034014634788037,
                0.99969881772995,
                0.0
            ],
            [
                88.513427734375,
                1747.28125,
                51.49117660522461,
                1.0
            ]
        ]
    },
    {
        "ID": 65,
        "Name": "OBP_BELT_A",
        "Type": 55,
        "Scale": 0.8499999642372131,
        "Transform": [
            [
                0.1941508948802948,
                -0.9760624766349793,
                0.0980171412229538,
                0.0
            ],
            [
                0.9807852506637573,
                0.19509032368659974,
                0.0,
                0.0
            ],
            [
                -0.01912219449877739,
                0.0961337611079216,
                0.9951847195625305,
                0.0
            ],
            [
                -1520.9981689453126,
                602.2893676757813,
                100.36100769042969,
                1.0
            ]
        ]
    },
    {
        "ID": 66,
        "Name": "OBP_BELT_A",
        "Type": 55,
        "Scale": 0.8499999642372131,
        "Transform": [
            [
                -0.22855724394321443,
                -0.9624093174934387,
                -0.1467304676771164,
                0.0
            ],
            [
                0.9729399681091309,
                -0.23105810582637788,
                0.0,
                0.0
            ],
            [
                -0.03390326350927353,
                -0.14275993406772614,
                0.9891765117645264,
                0.0
            ],
            [
                -1469.999267578125,
                804.7551879882813,
                94.90487670898438,
                1.0
            ]
        ]
    },
    {
        "ID": 67,
        "Name": "OBP_BELT_A",
        "Type": 55,
        "Scale": 0.8499999642372131,
        "Transform": [
            [
                -0.2997347116470337,
                -0.9461367130279541,
                0.12241067737340927,
                0.0
            ],
            [
                0.9533060193061829,
                -0.30200594663619997,
                0.0,
                0.0
            ],
            [
                0.03696874901652336,
                0.11669483035802841,
                0.9924795627593994,
                0.0
            ],
            [
                -1377.125,
                984.3246459960938,
                79.51318359375,
                1.0
            ]
        ]
    },
    {
        "ID": 68,
        "Name": "OBP_BELT_A",
        "Type": 55,
        "Scale": 0.7999999523162842,
        "Transform": [
            [
                -0.42366546392440798,
                -0.8957653641700745,
                -0.13458070158958436,
                0.0
            ],
            [
                0.903989315032959,
                -0.4275550842285156,
                0.0,
                0.0
            ],
            [
                -0.057540662586688998,
                -0.12165950983762741,
                0.9909026622772217,
                0.0
            ],
            [
                -1271.4053955078126,
                1136.0762939453126,
                84.39005279541016,
                1.0
            ]
        ]
    },
    {
        "ID": 69,
        "Name": "OBP_BELT_A",
        "Type": 55,
        "Scale": 0.6499999761581421,
        "Transform": [
            [
                -0.500094473361969,
                -0.811601996421814,
                0.30200594663619997,
                0.0
            ],
            [
                0.8513551950454712,
                -0.5245896577835083,
                0.0,
                0.0
            ],
            [
                0.15842919051647187,
                0.25711432099342348,
                0.9533060193061829,
                0.0
            ],
            [
                -1161.328125,
                1262.4930419921876,
                81.86650085449219,
                1.0
            ]
        ]
    },
    {
        "ID": 70,
        "Name": "OBP_BELT_A",
        "Type": 55,
        "Scale": 0.5999999642372131,
        "Transform": [
            [
                -0.5633230805397034,
                -0.7998573780059815,
                -0.20711137354373933,
                0.0
            ],
            [
                0.8175848126411438,
                -0.5758081674575806,
                0.0,
                0.0
            ],
            [
                -0.1192564144730568,
                -0.16933110356330872,
                0.978317379951477,
                0.0
            ],
            [
                -1049.502685546875,
                1367.438720703125,
                79.33712768554688,
                1.0
            ]
        ]
    },
    {
        "ID": 71,
        "Name": "OBP_BELT_A",
        "Type": 55,
        "Scale": 0.5499999523162842,
        "Transform": [
            [
                -0.7215765118598938,
                -0.6869979500770569,
                0.08579730987548828,
                0.0
            ],
            [
                0.6895405650138855,
                -0.7242470979690552,
                0.0,
                0.0
            ],
            [
                0.062138449400663379,
                0.05916072428226471,
                0.9963126182556152,
                0.0
            ],
            [
                -932.0867919921875,
                1454.3037109375,
                77.8307876586914,
                1.0
            ]
        ]
    },
    {
        "ID": 72,
        "Name": "OBP_BELT_A",
        "Type": 55,
        "Scale": 0.5,
        "Transform": [
            [
                -0.7712529897689819,
                -0.6018916964530945,
                -0.20711137354373933,
                0.0
            ],
            [
                0.6152315735816956,
                -0.7883464097976685,
                0.0,
                0.0
            ],
            [
                -0.16327549517154694,
                -0.12742145359516145,
                0.978317379951477,
                0.0
            ],
            [
                -817.8134155273438,
                1522.0218505859376,
                73.822509765625,
                1.0
            ]
        ]
    },
    {
        "ID": 73,
        "Name": "OBP_BELT_A",
        "Type": 55,
        "Scale": 0.3999999761581421,
        "Transform": [
            [
                -0.831920862197876,
                -0.5412238836288452,
                0.12241067737340927,
                0.0
            ],
            [
                0.545324981212616,
                -0.8382247090339661,
                0.0,
                0.0
            ],
            [
                0.10260765254497528,
                0.06675359606742859,
                0.9924795627593994,
                0.0
            ],
            [
                -706.04833984375,
                1575.640625,
                72.59548950195313,
                1.0
            ]
        ]
    },
    {
        "ID": 74,
        "Name": "OBP_BELT_A",
        "Type": 55,
        "Scale": 0.5,
        "Transform": [
            [
                -0.8141181468963623,
                -0.5585477948188782,
                -0.15885815024375916,
                0.0
            ],
            [
                0.5657318234443665,
                -0.8245893120765686,
                0.0,
                0.0
            ],
            [
                -0.13099272549152375,
                -0.0898711085319519,
                0.9873014092445374,
                0.0
            ],
            [
                -610.125,
                1611.0068359375,
                69.34801483154297,
                1.0
            ]
        ]
    },
    {
        "ID": 79,
        "Name": "OBP_BELT_A",
        "Type": 55,
        "Scale": 0.29999998211860659,
        "Transform": [
            [
                -0.8872625827789307,
                -0.43304643034935,
                -0.15885815024375916,
                0.0
            ],
            [
                0.43861624598503115,
                -0.898674488067627,
                0.0,
                0.0
            ],
            [
                -0.14276175200939179,
                -0.06967776268720627,
                0.9873014092445374,
                0.0
            ],
            [
                -143.31991577148438,
                1753.9210205078126,
                61.93614959716797,
                1.0
            ]
        ]
    },
    {
        "ID": 80,
        "Name": "OBJ_SOLRO_SPEAR",
        "Type": 156,
        "Scale": 1.0,
        "Transform": [
            [
                -0.5868789553642273,
                0.7135235071182251,
                -0.3826834261417389,
                0.0
            ],
            [
                -0.772312343120575,
                -0.6352332830429077,
                0.0,
                0.0
            ],
            [
                -0.24309323728084565,
                0.2955511212348938,
                0.9238795042037964,
                0.0
            ],
            [
                446.0540466308594,
                134.12969970703126,
                30.313064575195314,
                1.0
            ]
        ]
    },
    {
        "ID": 81,
        "Name": "OBJ_RALLOS_AXE",
        "Type": 156,
        "Scale": 0.75,
        "Transform": [
            [
                -0.1595683991909027,
                0.9537012577056885,
                0.2548656463623047,
                0.0
            ],
            [
                -0.9862714409828186,
                -0.16501787304878236,
                0.0,
                0.0
            ],
            [
                0.04205738380551338,
                -0.2513667047023773,
                0.9669764637947083,
                0.0
            ],
            [
                444.2962646484375,
                93.23536682128906,
                30.32665252685547,
                1.0
            ]
        ]
    },
    {
        "ID": 83,
        "Name": "OBJ_MAYONG_SWORD",
        "Type": 156,
        "Scale": 1.0,
        "Transform": [
            [
                -0.9623244404792786,
                0.1433088779449463,
                0.23105810582637788,
                0.0
            ],
            [
                -0.14729468524456025,
                -0.9890892505645752,
                0.0,
                0.0
            ],
            [
                0.22853708267211915,
                -0.034033630043268207,
                0.9729399681091309,
                0.0
            ],
            [
                -253.66786193847657,
                -152.8450927734375,
                26.271047592163087,
                1.0
            ]
        ]
    },
    {
        "ID": 84,
        "Name": "OBJ_TRIBUNAL_HAMMER",
        "Type": 156,
        "Scale": 1.5,
        "Transform": [
            [
                0.09520155191421509,
                -0.9407905340194702,
                -0.32531028985977175,
                0.0
            ],
            [
                0.9949061870574951,
                0.10067768394947052,
                0.0,
                0.0
            ],
            [
                0.03275148570537567,
                -0.3236531913280487,
                0.9456073045730591,
                0.0
            ],
            [
                153.45298767089845,
                55.891990661621097,
                18.92599868774414,
                1.0
            ]
        ]
    },
    {
        "ID": 86,
        "Name": "OBJ_TALLON_BOW",
        "Type": 156,
        "Scale": 1.0,
        "Transform": [
            [
                -0.8298311829566956,
                0.5271259546279907,
                0.18303988873958589,
                0.0
            ],
            [
                -0.536184549331665,
                -0.8440917134284973,
                0.0,
                0.0
            ],
            [
                0.15450245141983033,
                -0.09814315289258957,
                0.983105480670929,
                0.0
            ],
            [
                -262.8999328613281,
                -108.39421081542969,
                34.036048889160159,
                1.0
            ]
        ]
    },
    {
        "ID": 12,
        "Name": "OBP_BELT_A",
        "Type": 55,
        "Scale": 0.29999998211860659,
        "Transform": [
            [
                -0.8195343613624573,
                -0.518964409828186,
                0.24298018217086793,
                0.0
            ],
            [
                0.5349976420402527,
                -0.8448535799980164,
                0.0,
                0.0
            ],
            [
                0.20528267323970796,
                0.12999381124973298,
