[
    {
        "ID": 15,
        "Name": "OBJ_ASTEROID_A",
        "Type": 156,
        "Scale": 1.75,
        "Transform": [
            [
                -0.11674462258815766,
                0.5941429138183594,
                -0.7958369255065918,
                0.0
            ],
            [
                -0.9812255501747131,
                -0.19280345737934113,
                0.0,
                0.0
            ],
            [
                -0.15344010293483735,
                0.780895471572876,
                0.6055110692977905,
                0.0
            ],
            [
                1132.8646240234376,
                1056.01904296875,
                108.2129898071289,
                1.0
            ]
        ]
    },
    {
        "ID": 24,
        "Name": "OBJ_ASTEROID_A",
        "Type": 157,
        "Scale": 2.0,
        "Transform": [
            [
                0.5346413254737854,
                -0.21380747854709626,
                0.8175848126411438,
                0.0
            ],
            [
                -0.37131720781326296,
                -0.928506076335907,
                -0.0,
                0.0
            ],
            [
                0.759132444858551,
                -0.3035832941532135,
                -0.5758081674575806,
                0.0
            ],
            [
                1148.3243408203126,
                1169.3714599609376,
                97.4629898071289,
                1.0
            ]
        ]
    },
    {
        "ID": 2,
        "Name": "OBJ_ASTEROID_G",
        "Type": 156,
        "Scale": 1.5,
        "Transform": [
            [
                0.07518451660871506,
                0.8844442963600159,
                0.46053871512413027,
                0.0
            ],
            [
                -0.9964001774787903,
                0.08470162749290467,
                0.0,
                0.0
            ],
            [
                -0.03900837525725365,
                -0.45888084173202517,
                0.8876396417617798,
                0.0
            ],
            [
                1135.9947509765626,
                943.7371215820313,
                108.2129898071289,
                1.0
            ]
        ]
    },
    {
        "ID": 19,
        "Name": "OBJ_ASTEROID_A",
        "Type": 156,
        "Scale": 1.75,
        "Transform": [
            [
                -0.6427937746047974,
                0.19443100690841676,
                0.7409511208534241,
                0.0
            ],
            [
                -0.28952187299728396,
                -0.9571666121482849,
                0.0,
                0.0
            ],
            [
                0.7092136740684509,
                -0.21452154219150544,
                0.6715589761734009,
                0.0
            ],
            [
                -1338.8887939453126,
                138.3213348388672,
                112.26420593261719,
                1.0
            ]
        ]
    },
    {
        "ID": 20,
        "Name": "OBJ_ASTEROID_G",
        "Type": 156,
        "Scale": 1.2999999523162842,
        "Transform": [
            [
                0.8946996331214905,
                0.3060542941093445,
                -0.32531028985977175,
                0.0
            ],
            [
                -0.3236590027809143,
                0.946164071559906,
                0.0,
                0.0
            ],
            [
                0.3077968955039978,
                0.10528960078954697,
                0.9456073045730591,
                0.0
            ],
            [
                -1410.084228515625,
                208.5277099609375,
                120.73123168945313,
                1.0
            ]
        ]
    },
    {
        "ID": 48,
        "Name": "OBJ_ASTEROID_G",
        "Type": 156,
        "Scale": 0.8999999761581421,
        "Transform": [
            [
                -0.09654013067483902,
                -0.9825686812400818,
                -0.15885815024375916,
                0.0
            ],
            [
                0.9952064156532288,
                -0.09778182208538056,
                0.0,
                0.0
            ],
            [
                -0.015533438883721829,
                -0.15809664130210877,
                0.9873014092445374,
                0.0
            ],
            [
                -1474.8555908203126,
                302.6518249511719,
                108.64427185058594,
                1.0
            ]
        ]
    },
    {
        "ID": 49,
        "Name": "OBJ_ASTEROID_A",
        "Type": 156,
        "Scale": 1.0,
        "Transform": [
            [
                0.5955198407173157,
                -0.0146191930398345,
                -0.803207516670227,
                0.0
            ],
            [
                0.024541229009628297,
                0.99969881772995,
                0.0,
                0.0
            ],
            [
                0.8029655814170837,
                -0.019711699336767198,
                0.5956993103027344,
                0.0
            ],
            [
                -1486.579833984375,
                392.9863586425781,
                105.11909484863281,
                1.0
            ]
        ]
    },
    {
        "ID": 50,
        "Name": "OBJ_ASTEROID_G",
        "Type": 156,
        "Scale": 0.75,
        "Transform": [
            [
                -0.5349976420402527,
                0.8448535799980164,
                -0.0,
                0.0
            ],
            [
                -0.8448535799980164,
                -0.5349976420402527,
                0.0,
                0.0
            ],
            [
                0.0,
                0.0,
                1.0,
                0.0
            ],
            [
                -1531.3211669921876,
                442.0970458984375,
                96.7950668334961,
                1.0
            ]
        ]
    },
    {
        "ID": 51,
        "Name": "OBJ_ASTEROID_A",
        "Type": 156,
        "Scale": 0.5999999642372131,
        "Transform": [
            [
                -0.7167683839797974,
                -0.15174102783203126,
                -0.6806010007858276,
                0.0
            ],
            [
                0.20711137354373933,
                -0.978317379951477,
                0.0,
                0.0
            ],
            [
                -0.6658437848091126,
                -0.1409602016210556,
                0.7326542735099793,
                0.0
            ],
            [
                -1525.28466796875,
                486.0196228027344,
                102.2474365234375,
                1.0
            ]
        ]
    },
    {
        "ID": 55,
        "Name": "OBP_BELT_A",
        "Type": 55,
        "Scale": 0.8999999761581421,
        "Transform": [
            [
                -0.765167236328125,
                0.6438315510749817,
                -0.0,
                0.0
            ],
            [
                -0.6438315510749817,
                -0.765167236328125,
                0.0,
                0.0
            ],
            [
                0.0,
                0.0,
                1.0,
                0.0
            ],
            [
                1083.9876708984376,
                1309.395751953125,
                88.0480728149414,
                1.0
            ]
        ]
    },
    {
        "ID": 56,
        "Name": "OBP_BELT_A",
        "Type": 55,
        "Scale": 0.8499999642372131,
        "Transform": [
            [
                -0.8175232410430908,
                0.5757647752761841,
                -0.012271538376808167,
                0.0
            ],
            [
                -0.5758081674575806,
                -0.8175848126411438,
                0.0,
                0.0
            ],
            [
                -0.010033022612333298,
                0.007066051941365004,
                0.9999247193336487,
                0.0
            ],
            [
                925.2042236328125,
                1532.9180908203126,
                77.58667755126953,
                1.0
            ]
        ]
    },
    {
        "ID": 57,
        "Name": "OBP_BELT_A",
        "Type": 55,
        "Scale": 0.7999999523162842,
        "Transform": [
            [
                -0.848444938659668,
                0.5085383653640747,
                -0.1467304676771164,
                0.0
            ],
            [
                -0.5141027569770813,
                -0.8577286005020142,
                0.0,
                0.0
            ],
            [
                -0.12585490942001344,
                0.07543453574180603,
                0.9891765117645264,
                0.0
            ],
            [
                713.22216796875,
                1677.46142578125,
                74.88546752929688,
                1.0
            ]
        ]
    },
    {
        "ID": 58,
        "Name": "OBP_BELT_A",
        "Type": 55,
        "Scale": 0.75,
        "Transform": [
            [
                -0.9626151323318481,
                0.26639148592948916,
                0.049067676067352298,
                0.0
            ],
            [
                -0.2667127549648285,
                -0.9637760519981384,
                0.0,
                0.0
            ],
            [
                0.04729025065898895,
                -0.013086974620819092,
                0.9987954497337341,
                0.0
            ],
            [
                501.7790222167969,
                1819.5677490234376,
                75.48120880126953,
                1.0
            ]
        ]
    },
    {
        "ID": 60,
        "Name": "OBP_BELT_A",
        "Type": 55,
        "Scale": 0.5999999642372131,
        "Transform": [
            [
                -0.9617891311645508,
                -0.1790710985660553,
                -0.20711137354373933,
                0.0
            ],
            [
                0.18303988873958589,
                -0.983105480670929,
                0.0,
                0.0
            ],
            [
                -0.2036123126745224,
                -0.03790964186191559,
                0.978317379951477,
                0.0
            ],
            [
                353.5927429199219,
                1824.9000244140626,
                54.568824768066409,
                1.0
            ]
        ]
    },
    {
        "ID": 63,
        "Name": "OBP_BELT_A",
        "Type": 55,
        "Scale": 0.5499999523162842,
        "Transform": [
            [
                -0.9289398789405823,
                -0.30688029527664187,
                -0.20711137354373933,
                0.0
            ],
            [
                0.3136817514896393,
                -0.949528157711029,
                0.0,
                0.0
            ],
            [
                -0.19665807485580445,
                -0.06496705114841461,
                0.978317379951477,
                0.0
            ],
            [
                2.4450409412384035,
                1813.6865234375,
                70.42078399658203,
                1.0
            ]
        ]
    },
    {
        "ID": 65,
        "Name": "OBP_BELT_A",
        "Type": 55,
        "Scale": 0.8499999642372131,
        "Transform": [
            [
                0.19261294603347779,
                -0.9683306217193604,
                0.15885815024375916,
                0.0
            ],
            [
                0.9807852506637573,
                0.19509032368659974,
                0.0,
                0.0
            ],
            [
                -0.0309916865080595,
                0.15580572187900544,
                0.9873014092445374,
                0.0
            ],
            [
                -1502.329833984375,
                629.0474243164063,
                100.36100769042969,
                1.0
            ]
        ]
    },
    {
        "ID": 66,
        "Name": "OBP_BELT_A",
        "Type": 55,
        "Scale": 0.8499999642372131,
        "Transform": [
            [
                -0.22855724394321443,
                -0.9624093174934387,
                -0.1467304676771164,
                0.0
            ],
            [
                0.9729399681091309,
                -0.23105810582637788,
                0.0,
                0.0
            ],
            [
                -0.03390326350927353,
                -0.14275993406772614,
                0.9891765117645264,
                0.0
            ],
            [
                -1432.0478515625,
                860.420654296875,
                94.90487670898438,
                1.0
            ]
        ]
    },
    {
        "ID": 67,
        "Name": "OBP_BELT_A",
        "Type": 55,
        "Scale": 0.699999988079071,
        "Transform": [
            [
                0.8700869679450989,
                0.49289819598197939,
                -0.0,
                0.0
            ],
            [
                0.49289819598197939,
                -0.8700869679450989,
                -0.0,
                0.0
            ],
            [
                -0.0,
                0.0,
                -1.0,
                0.0
            ],
            [
                -1279.51806640625,
                1065.403076171875,
                112.26318359375,
                1.0
            ]
        ]
    },
    {
        "ID": 68,
        "Name": "OBP_BELT_A",
        "Type": 55,
        "Scale": 0.7999999523162842,
        "Transform": [
            [
                -0.42366546392440798,
                -0.8957653641700745,
                -0.13458070158958436,
                0.0
            ],
            [
                0.903989315032959,
                -0.4275550842285156,
                0.0,
                0.0
            ],
            [
                -0.057540662586688998,
                -0.12165950983762741,
                0.9909026622772217,
                0.0
            ],
            [
                -1112.65966796875,
                1260.1666259765626,
                84.39005279541016,
                1.0
            ]
        ]
    },
    {
        "ID": 71,
        "Name": "OBP_BELT_A",
        "Type": 55,
        "Scale": 0.5499999523162842,
        "Transform": [
            [
                -0.7046489119529724,
                -0.6708815693855286,
                0.23105810582637788,
                0.0
            ],
            [
                0.6895405650138855,
                -0.7242470979690552,
                0.0,
                0.0
            ],
            [
                0.1673431545495987,
                0.15932393074035645,
                0.9729399681091309,
                0.0
            ],
            [
                -945.6064453125,
                1416.817626953125,
                77.8307876586914,
                1.0
            ]
        ]
    },
    {
        "ID": 72,
        "Name": "OBP_BELT_A",
        "Type": 55,
        "Scale": 0.5,
        "Transform": [
            [
                -0.7712529897689819,
                -0.6018916964530945,
                -0.20711137354373933,
                0.0
            ],
            [
                0.6152315735816956,
                -0.7883464097976685,
                0.0,
                0.0
            ],
            [
                -0.16327549517154694,
                -0.12742145359516145,
                0.978317379951477,
                0.0
            ],
            [
                -787.861083984375,
                1525.253662109375,
                80.072509765625,
                1.0
            ]
        ]
    },
    {
        "ID": 73,
        "Name": "OBP_BELT_A",
        "Type": 55,
        "Scale": 0.5,
        "Transform": [
            [
                -0.5622847676277161,
                -0.8195650577545166,
                0.11022220551967621,
                0.0
            ],
            [
                0.8245893120765686,
                -0.5657318234443665,
                0.0,
                0.0
            ],
            [
                0.06235620751976967,
                0.09088804572820664,
                0.9939069747924805,
                0.0
            ],
            [
                -636.4046630859375,
                1598.5330810546876,
                81.09548950195313,
                1.0
            ]
        ]
    },
    {
        "ID": 79,
        "Name": "OBP_BELT_A",
        "Type": 55,
        "Scale": 0.29999998211860659,
        "Transform": [
            [
                -0.8872625827789307,
                -0.43304643034935,
                -0.15885815024375916,
                0.0
            ],
            [
                0.43861624598503115,
                -0.898674488067627,
                0.0,
                0.0
            ],
            [
                -0.14276175200939179,
                -0.06967776268720627,
                0.9873014092445374,
                0.0
            ],
            [
                -118.2564468383789,
                1734.624267578125,
                61.93614959716797,
                1.0
            ]
        ]
    },
    {
        "ID": 86,
        "Name": "OBJ_TALLON_BOW",
        "Type": 156,
        "Scale": 1.75,
        "Transform": [
            [
                -0.061389338225126269,
                -0.9811806082725525,
                0.18303988873958589,
                0.0
            ],
            [
                0.998042106628418,
                -0.062444306910037997,
                0.0,
                0.0
            ],
            [
                0.011429798789322377,
                0.18268151581287385,
                0.983105480670929,
                0.0
            ],
            [
                -1269.923828125,
                125.93427276611328,
                111.53168487548828,
                1.0
            ]
        ]
    },
    {
        "ID": 12,
        "Name": "OBP_BELT_A",
        "Type": 55,
        "Scale": 0.29999998211860659,
        "Transform": [
            [
                -0.8195343613624573,
                -0.518964409828186,
                0.24298018217086793,
                0.0
            ],
            [
                0.5349976420402527,
                -0.8448535799980164,
                0.0,
                0.0
            ],
            [
                0.20528267323970796,
                0.12999381124973298,
                0.9700312614440918,
                0.0
            ],
            [
                -364.5302429199219,
                1734.454345703125,
                69.55377197265625,
                1.0
            ]
        ]
    },
    {
        "ID": 17,
        "Name": "OBP_BELT_A",
        "Type": 0,
        "Scale": 0.5,
        "Transform": [
            [
                -0.8328955769538879,
                -0.5132151246070862,
                -0.20711137354373933,
                0.0
            ],
            [
                0.5245896577835083,
                -0.8513551950454712,
                0.0,
                0.0
            ],
            [
                -0.17632533609867097,
                -0.10864847898483277,
                0.978317379951477,
                0.0
            ],
            [
                -490.927001953125,
                1687.1336669921876,
                75.46365356445313,
                1.0
            ]
        ]
    },
    {
        "ID": 28,
        "Name": "OBP_SPHERE",
        "Type": 156,
        "Scale": 1.0,
        "Transform": [
            [
                0.7715046405792236,
                -0.63620525598526,
                -0.0,
                0.0
            ],
            [
                0.63620525598526,
                0.7715046405792236,
                0.0,
                0.0
            ],
            [
                0.0,
                -0.0,
                1.0,
                0.0
            ],
            [
                0.0,
                0.0,
                100.0,
                1.0
            ]
        ]
    },
    {
        "ID": 3,
        "Name": "OBP_NORRATH_B",
        "Type": 156,
        "Scale": 1.0,
        "Transform": [
            [
                -0.1549379676580429,
                -0.9879074692726135,
                -0.0,
                0.0
            ],
            [
                0.9879074692726135,
                -0.1549379676580429,
                0.0,
                0.0
            ],
            [
                -0.0,
                0.0,
                1.0,
                0.0
            ],
            [
                -253.85382080078126,
                1783.2908935546876,
                76.1823959350586,
                1.0
            ]
        ]
    },
    {
        "ID": 4,
        "Name": "OBP_BELT_A",
        "Type": 55,
        "Scale": 0.699999988079071,
        "Transform": [
            [
                -0.4563490152359009,
                -0.8795644640922546,
                -0.13458070158958436,
                0.0
            ],
            [
                0.8876396417617798,
                -0.46053871512413027,
                0.0,
                0.0
            ],
            [
                -0.06197962164878845,
                -0.11945915967226029,
                0.9909026622772217,
                0.0
            ],
            [
                -1301.1326904296876,
                1004.4124755859375,
                134.3861541748047,
                1.0
            ]
        ]
    },
    {
        "ID": 5,
        "Name": "OBP_BELT_A",
        "Type": 55,
        "Scale": 0.5999999642372131,
        "Transform": [
            [
                0.8448535799980164,
                0.5349976420402527,
                -0.0,
                0.0
            ],
            [
                0.5349976420402527,
                -0.8448535799980164,
                -0.0,
                0.0
            ],
            [
                -0.0,
                0.0,
                -1.0,
                0.0
            ],
            [
                -1309.8233642578126,
                1021.53369140625,
                91.86814880371094,
                1.0
            ]
        ]
    },
    {
        "ID": 7,
        "Name": "OBP_BELT_A",
        "Type": 55,
        "Scale": 0.699999988079071,
        "Transform": [
            [
                -0.3598950505256653,
                -0.9329928159713745,
                -0.0,
                0.0
            ],
            [
                0.9329928159713745,
                -0.3598950505256653,
                0.0,
                0.0
            ],
            [
                -0.0,
                0.0,
                1.0,
                0.0
            ],
            [
                -1393.9268798828126,
                752.8319702148438,
                116.46096801757813,
                1.0
            ]
        ]
    },
    {
        "ID": 9,
        "Name": "OBP_BELT_A",
        "Type": 55,
        "Scale": 0.5,
        "Transform": [
            [
                -0.6531728506088257,
                -0.7572088241577148,
                -0.0,
                0.0
            ],
            [
                0.7572088241577148,
                -0.6531728506088257,
                0.0,
                0.0
            ],
            [
                -0.0,
                0.0,
                1.0,
                0.0
            ],
            [
                -886.2349853515625,
                1447.1993408203126,
                99.90534973144531,
                1.0
            ]
        ]
    },
    {
        "ID": 10,
        "Name": "OBP_BELT_A",
        "Type": 55,
        "Scale": 0.5499999523162842,
        "Transform": [
            [
                -0.810457170009613,
                -0.5857978463172913,
                -0.0,
                0.0
            ],
            [
                0.5857978463172913,
                -0.810457170009613,
                0.0,
                0.0
            ],
            [
                -0.0,
                0.0,
                1.0,
                0.0
            ],
            [
                -673.9879150390625,
                1571.0155029296876,
                102.31356811523438,
                1.0
            ]
        ]
    },
    {
        "ID": 11,
        "Name": "OBP_BELT_A",
        "Type": 55,
        "Scale": 0.5,
        "Transform": [
            [
                -0.7242470979690552,
                -0.6895405650138855,
                -0.0,
                0.0
            ],
            [
                0.6895405650138855,
                -0.7242470979690552,
                0.0,
                0.0
            ],
            [
                -0.0,
                0.0,
                1.0,
                0.0
            ],
            [
                -525.3956298828125,
                1619.5545654296876,
                100.58807373046875,
                1.0
            ]
        ]
    },
    {
        "ID": 13,
        "Name": "OBP_BELT_A",
        "Type": 55,
        "Scale": 0.5,
        "Transform": [
            [
                -0.91420978307724,
                -0.40524131059646609,
                -0.0,
                0.0
            ],
            [
                0.40524131059646609,
                -0.91420978307724,
                0.0,
                0.0
            ],
            [
                -0.0,
                0.0,
                1.0,
                0.0
            ],
            [
                314.416015625,
                1804.4588623046876,
                79.41626739501953,
                1.0
            ]
        ]
    },
    {
        "ID": 14,
        "Name": "OBP_BELT_A",
        "Type": 55,
        "Scale": 0.5999999642372131,
        "Transform": [
            [
                -0.8843665719032288,
                -0.4588405191898346,
                0.08579730987548828,
                0.0
            ],
            [
                0.46053871512413027,
                -0.8876396417617798,
                0.0,
                0.0
            ],
            [
                0.0761570930480957,
                0.03951298072934151,
                0.9963126182556152,
                0.0
            ],
            [
                196.63050842285157,
                1790.091552734375,
                71.1685791015625,
                1.0
            ]
        ]
    },
    {
        "ID": 16,
        "Name": "OBP_BELT_A",
        "Type": 55,
        "Scale": 0.5499999523162842,
        "Transform": [
            [
                -0.9460268616676331,
                -0.31252506375312807,
                0.08579730987548828,
                0.0
            ],
            [
                0.3136817514896393,
                -0.949528157711029,
                0.0,
                0.0
            ],
            [
                0.08146695792675019,
                0.026913048699498178,
                0.9963126182556152,
                0.0
            ],
            [
                146.12205505371095,
                1766.260009765625,
                55.279449462890628,
                1.0
            ]
        ]
    },
    {
        "ID": 18,
        "Name": "OBP_BELT_A",
        "Type": 55,
        "Scale": 0.699999988079071,
        "Transform": [
            [
                -0.9597043395042419,
                0.25294893980026247,
                -0.12241067737340927,
                0.0
            ],
            [
                -0.2548656463623047,
                -0.9669764637947083,
                0.0,
                0.0
            ],
            [
                -0.1183682382106781,
                0.031198276206851007,
                0.9924795627593994,
                0.0
            ],
            [
                639.9200439453125,
                1711.0421142578126,
                93.71900177001953,
                1.0
            ]
        ]
    },
    {
        "ID": 21,
        "Name": "OBP_BELT_A",
        "Type": 55,
        "Scale": 0.699999988079071,
        "Transform": [
            [
                -0.8876396417617798,
                0.46053871512413027,
                -0.0,
                0.0
            ],
            [
                -0.46053871512413027,
                -0.8876396417617798,
                0.0,
                0.0
            ],
            [
                0.0,
                0.0,
                1.0,
                0.0
            ],
            [
                827.544921875,
                1520.967041015625,
                100.100341796875,
                1.0
            ]
        ]
    },
    {
        "ID": 22,
        "Name": "OBP_BELT_A",
        "Type": 55,
        "Scale": 0.6499999761581421,
        "Transform": [
            [
                -0.903989315032959,
                0.4275550842285156,
                -0.0,
                0.0
            ],
            [
                -0.4275550842285156,
                -0.903989315032959,
                0.0,
                0.0
            ],
            [
                0.0,
                0.0,
                1.0,
                0.0
            ],
            [
                1038.213134765625,
                1362.593994140625,
                64.54469299316406,
                1.0
            ]
        ]
    }
]