[
    {
        "ID": 14,
        "Name": "OBJ_FORTDOORA",
        "Type": 0,
        "Scale": 1.0,
        "Transform": [
            [
                0.0,
                -1.0,
                -0.0,
                0.0
            ],
            [
                1.0,
                0.0,
                0.0,
                0.0
            ],
            [
                0.0,
                -0.0,
                1.0,
                0.0
            ],
            [
                -246.33607482910157,
                -1679.5286865234376,
                -90.5,
                1.0
            ]
        ]
    },
    {
        "ID": 15,
        "Name": "OBJ_FORTDOORB",
        "Type": 5,
        "Scale": 1.0,
        "Transform": [
            [
                0.0,
                -1.0,
                -0.0,
                0.0
            ],
            [
                1.0,
                0.0,
                0.0,
                0.0
            ],
            [
                0.0,
                -0.0,
                1.0,
                0.0
            ],
            [
                -264.0402526855469,
                -1679.53564453125,
                -90.5,
                1.0
            ]
        ]
    },
    {
        "ID": 1,
        "Name": "OBJ_JAILDOORB",
        "Type": 6,
        "Scale": 1.0,
        "Transform": [
            [
                0.0,
                1.0,
                -0.0,
                0.0
            ],
            [
                -1.0,
                0.0,
                0.0,
                0.0
            ],
            [
                0.0,
                0.0,
                1.0,
                0.0
            ],
            [
                142.82977294921876,
                -734.8898315429688,
                26.749988555908204,
                1.0
            ]
        ]
    },
    {
        "ID": 2,
        "Name": "OBJ_JAILDOORB",
        "Type": 6,
        "Scale": 1.0,
        "Transform": [
            [
                0.0,
                -1.0,
                -0.0,
                0.0
            ],
            [
                1.0,
                0.0,
                0.0,
                0.0
            ],
            [
                0.0,
                -0.0,
                1.0,
                0.0
            ],
            [
                94.81818389892578,
                -673.9652709960938,
                26.75,
                1.0
            ]
        ]
    },
    {
        "ID": 3,
        "Name": "OBJ_JAILDOORB",
        "Type": 6,
        "Scale": 1.0,
        "Transform": [
            [
                -1.0,
                0.0,
                -0.0,
                0.0
            ],
            [
                -0.0,
                -1.0,
                0.0,
                0.0
            ],
            [
                0.0,
                0.0,
                1.0,
                0.0
            ],
            [
                234.31814575195313,
                -760.251708984375,
                26.25,
                1.0
            ]
        ]
    },
    {
        "ID": 4,
        "Name": "OBJ_JAILDOORB",
        "Type": 6,
        "Scale": 1.0,
        "Transform": [
            [
                0.0,
                1.0,
                -0.0,
                0.0
            ],
            [
                -1.0,
                0.0,
                0.0,
                0.0
            ],
            [
                0.0,
                0.0,
                1.0,
                0.0
            ],
            [
                284.0433349609375,
                -638.8585815429688,
                25.83139991760254,
                1.0
            ]
        ]
    },
    {
        "ID": 5,
        "Name": "OBJ_JAILDOORB",
        "Type": 6,
        "Scale": 1.0,
        "Transform": [
            [
                1.0,
                0.0,
                -0.0,
                0.0
            ],
            [
                0.0,
                1.0,
                0.0,
                0.0
            ],
            [
                0.0,
                0.0,
                1.0,
                0.0
            ],
            [
                175.52699279785157,
                -531.5498046875,
                26.339614868164064,
                1.0
            ]
        ]
    },
    {
        "ID": 6,
        "Name": "OBJ_JAILDOORB",
        "Type": 6,
        "Scale": 1.0,
        "Transform": [
            [
                -1.0,
                0.0,
                -0.0,
                0.0
            ],
            [
                -0.0,
                -1.0,
                0.0,
                0.0
            ],
            [
                0.0,
                0.0,
                1.0,
                0.0
            ],
            [
                234.3070068359375,
                -531.4359130859375,
                26.362735748291017,
                1.0
            ]
        ]
    },
    {
        "ID": 7,
        "Name": "OBJ_JAILDOORB",
        "Type": 6,
        "Scale": 1.0,
        "Transform": [
            [
                1.0,
                0.0,
                -0.0,
                0.0
            ],
            [
                0.0,
                1.0,
                0.0,
                0.0
            ],
            [
                0.0,
                0.0,
                1.0,
                0.0
            ],
            [
                411.994384765625,
                -350.05181884765627,
                6.010169982910156,
                1.0
            ]
        ]
    },
    {
        "ID": 8,
        "Name": "OBJ_JAILDOORB",
        "Type": 6,
        "Scale": 1.0,
        "Transform": [
            [
                0.0,
                -1.0,
                -0.0,
                0.0
            ],
            [
                1.0,
                0.0,
                0.0,
                0.0
            ],
            [
                0.0,
                -0.0,
                1.0,
                0.0
            ],
            [
                465.446044921875,
                -264.9848937988281,
                5.966759204864502,
                1.0
            ]
        ]
    },
    {
        "ID": 9,
        "Name": "OBJ_JAILDOORB",
        "Type": 6,
        "Scale": 1.0,
        "Transform": [
            [
                0.0,
                1.0,
                -0.0,
                0.0
            ],
            [
                -1.0,
                0.0,
                0.0,
                0.0
            ],
            [
                0.0,
                0.0,
                1.0,
                0.0
            ],
            [
                478.2048645019531,
                -422.31219482421877,
                5.94064998626709,
                1.0
            ]
        ]
    },
    {
        "ID": 10,
        "Name": "OBJ_JAILDOORB",
        "Type": 6,
        "Scale": 1.0,
        "Transform": [
            [
                0.0,
                1.0,
                -0.0,
                0.0
            ],
            [
                -1.0,
                0.0,
                0.0,
                0.0
            ],
            [
                0.0,
                0.0,
                1.0,
                0.0
            ],
            [
                726.8622436523438,
                -448.0942687988281,
                -6.2185468673706059,
                1.0
            ]
        ]
    },
    {
        "ID": 11,
        "Name": "OBJ_JAILDOORB",
        "Type": 6,
        "Scale": 1.0,
        "Transform": [
            [
                -1.0,
                0.0,
                -0.0,
                0.0
            ],
            [
                -0.0,
                -1.0,
                0.0,
                0.0
            ],
            [
                0.0,
                0.0,
                1.0,
                0.0
            ],
            [
                800.2824096679688,
                -374.23577880859377,
                -6.244307994842529,
                1.0
            ]
        ]
    },
    {
        "ID": 12,
        "Name": "OBJ_JAILDOORB",
        "Type": 6,
        "Scale": 1.0,
        "Transform": [
            [
                0.0,
                -1.0,
                -0.0,
                0.0
            ],
            [
                1.0,
                0.0,
                0.0,
                0.0
            ],
            [
                0.0,
                -0.0,
                1.0,
                0.0
            ],
            [
                723.8423461914063,
                -239.05039978027345,
                -6.232593059539795,
                1.0
            ]
        ]
    },
    {
        "ID": 13,
        "Name": "OBJ_JAILDOORB",
        "Type": 6,
        "Scale": 1.0,
        "Transform": [
            [
                0.0,
                -1.0,
                -0.0,
                0.0
            ],
            [
                1.0,
                0.0,
                0.0,
                0.0
            ],
            [
                0.0,
                -0.0,
                1.0,
                0.0
            ],
            [
                649.781494140625,
                -239.05194091796876,
                -6.268371105194092,
                1.0
            ]
        ]
    },
    {
        "ID": 17,
        "Name": "OBJ_TREEC",
        "Type": 55,
        "Scale": 3.0,
        "Transform": [
            [
                -0.9852776527404785,
                0.1709618866443634,
                -0.0,
                0.0
            ],
            [
                -0.1709618866443634,
                -0.9852776527404785,
                0.0,
                0.0
            ],
            [
                0.0,
                0.0,
                1.0,
                0.0
            ],
            [
                116.98405456542969,
                -214.7078857421875,
                160.30699157714845,
                1.0
            ]
        ]
    },
    {
        "ID": 18,
        "Name": "OBJ_TREEC",
        "Type": 55,
        "Scale": 4.0,
        "Transform": [
            [
                0.1467304676771164,
                -0.9891765117645264,
                -0.0,
                0.0
            ],
            [
                0.9891765117645264,
                0.1467304676771164,
                0.0,
                0.0
            ],
            [
                0.0,
                -0.0,
                1.0,
                0.0
            ],
            [
                -10.161999702453614,
                68.79399871826172,
                200.5609588623047,
                1.0
            ]
        ]
    },
    {
        "ID": 19,
        "Name": "OBJ_TREEC",
        "Type": 55,
        "Scale": 4.0,
        "Transform": [
            [
                -0.4713967442512512,
                -0.8819212913513184,
                -0.0,
                0.0
            ],
            [
                0.8819212913513184,
                -0.4713967442512512,
                0.0,
                0.0
            ],
            [
                -0.0,
                0.0,
                1.0,
                0.0
            ],
            [
                185.2191619873047,
                -61.623130798339847,
                157.97299194335938,
                1.0
            ]
        ]
    },
    {
        "ID": 16,
        "Name": "OBJ_TREEC",
        "Type": 55,
        "Scale": 1.0,
        "Transform": [
            [
                0.290284663438797,
                -0.9569403529167175,
                -0.0,
                0.0
            ],
            [
                0.9569403529167175,
                0.290284663438797,
                0.0,
                0.0
            ],
            [
                0.0,
                -0.0,
                1.0,
                0.0
            ],
            [
                -45.11247253417969,
                43.79095458984375,
                30.396995544433595,
                1.0
            ]
        ]
    },
    {
        "ID": 21,
        "Name": "OBJ_JAILSTEPSA",
        "Type": 55,
        "Scale": 1.0,
        "Transform": [
            [
                0.91420978307724,
                -0.40524131059646609,
                -0.0,
                0.0
            ],
            [
                0.40524131059646609,
                0.91420978307724,
                0.0,
                0.0
            ],
            [
                0.0,
                -0.0,
                1.0,
                0.0
            ],
            [
                135.85263061523438,
                -178.9215087890625,
                12.543779373168946,
                1.0
            ]
        ]
    },
    {
        "ID": 22,
        "Name": "OBJ_SPIKES",
        "Type": 55,
        "Scale": 0.7999999523162842,
        "Transform": [
            [
                -0.3699081540107727,
                0.2743425667285919,
                -0.8876396417617798,
                0.0
            ],
            [
                -0.5956993103027344,
                -0.803207516670227,
                0.0,
                0.0
            ],
            [
                -0.712958812713623,
                0.5287662744522095,
                0.46053871512413027,
                0.0
            ],
            [
                -242.5310516357422,
                -126.35699462890625,
                11.671944618225098,
                1.0
            ]
        ]
    },
    {
        "ID": 23,
        "Name": "OBJ_SPIKES",
        "Type": 55,
        "Scale": 0.7999999523162842,
        "Transform": [
            [
                0.22844606637954713,
                0.2927265763282776,
                0.928506076335907,
                0.0
            ],
            [
                -0.7883464097976685,
                0.6152315735816956,
                0.0,
                0.0
            ],
            [
                -0.5712462067604065,
                -0.7319843769073486,
                0.37131720781326296,
                0.0
            ],
            [
                -243.0989227294922,
                -110.20149993896485,
                12.621089935302735,
                1.0
            ]
        ]
    },
    {
        "ID": 24,
        "Name": "OBJ_SPIKES",
        "Type": 55,
        "Scale": 1.0,
        "Transform": [
            [
                -0.7696159482002258,
                0.36400121450424197,
                -0.5245896577835083,
                0.0
            ],
            [
                -0.4275550842285156,
                -0.903989315032959,
                0.0,
                0.0
            ],
            [
                -0.47422343492507937,
                0.22429096698760987,
                0.8513551950454712,
                0.0
            ],
            [
                -232.3453369140625,
                -130.4595947265625,
                13.743648529052735,
                1.0
            ]
        ]
    },
    {
        "ID": 25,
        "Name": "OBJ_SPIKES",
        "Type": 55,
        "Scale": 1.0,
        "Transform": [
            [
                0.48524436354637148,
                0.29084426164627077,
                0.8245893120765686,
                0.0
            ],
            [
                -0.5141027569770813,
                0.8577286005020142,
                0.0,
                0.0
            ],
            [
                -0.7072737812995911,
                -0.4239236116409302,
                0.5657318234443665,
                0.0
            ],
            [
                -231.03359985351563,
                -107.9616928100586,
                14.369473457336426,
                1.0
            ]
        ]
    },
    {
        "ID": 26,
        "Name": "OBJ_WEAPON_SPEAR_A",
        "Type": 55,
        "Scale": 1.5,
        "Transform": [
            [
                -0.9873014092445374,
                0.0,
                -0.15885815024375916,
                0.0
            ],
            [
                -0.0,
                -1.0,
                0.0,
                0.0
            ],
            [
                -0.15885815024375916,
                0.0,
                0.9873014092445374,
                0.0
            ],
            [
                -220.29852294921876,
                -137.27069091796876,
                18.632770538330079,
                1.0
            ]
        ]
    },
    {
        "ID": 27,
        "Name": "OBJ_WEAPON_SPEAR_A",
        "Type": 55,
        "Scale": 1.5,
        "Transform": [
            [
                -0.9924795627593994,
                0.0,
                -0.12241067737340927,
                0.0
            ],
            [
                -0.0,
                -1.0,
                0.0,
                0.0
            ],
            [
                -0.12241067737340927,
                0.0,
                0.9924795627593994,
                0.0
            ],
            [
                -218.7996826171875,
                -102.07003784179688,
                20.55509376525879,
                1.0
            ]
        ]
    },
    {
        "ID": 28,
        "Name": "OBJ_WEAPON_SHIELD_C_BRK",
        "Type": 55,
        "Scale": 1.0,
        "Transform": [
            [
                0.0,
                -0.32531028985977175,
                0.9456073045730591,
                0.0
            ],
            [
                1.0,
                0.0,
                0.0,
                0.0
            ],
            [
                -0.0,
                0.9456073045730591,
                0.32531028985977175,
                0.0
            ],
            [
                -219.52587890625,
                -136.02098083496095,
                13.829203605651856,
                1.0
            ]
        ]
    },
    {
        "ID": 29,
        "Name": "OBJ_WEAPON_SHIELD_C_BRK",
        "Type": 55,
        "Scale": 1.0,
        "Transform": [
            [
                -0.14509183168411256,
                -0.31677109003067019,
                -0.9373390078544617,
                0.0
            ],
            [
                0.909168004989624,
                -0.4164295494556427,
                0.0,
                0.0
            ],
            [
                -0.39033564925193789,
                -0.852198600769043,
                0.3484186828136444,
                0.0
            ],
            [
                -218.8036346435547,
                -103.14546966552735,
                14.99947452545166,
                1.0
            ]
        ]
    },
    {
        "ID": 30,
        "Name": "IT10805",
        "Type": 55,
        "Scale": 3.0,
        "Transform": [
            [
                0.994510293006897,
                -0.03662998601794243,
                -0.0980171412229538,
                0.0
            ],
            [
                0.03680722415447235,
                0.9993223547935486,
                0.0,
                0.0
            ],
            [
                0.09795071929693222,
                -0.0036077387630939485,
                0.9951847195625305,
                0.0
            ],
            [
                -105.72923278808594,
                -217.36549377441407,
                12.055137634277344,
                1.0
            ]
        ]
    },
    {
        "ID": 32,
        "Name": "OBJ_WEAPON_SPEAR_A",
        "Type": 55,
        "Scale": 1.1999999284744263,
        "Transform": [
            [
                0.0,
                -0.949528157711029,
                -0.3136817514896393,
                0.0
            ],
            [
                1.0,
                0.0,
                0.0,
                0.0
            ],
            [
                0.0,
                -0.3136817514896393,
                0.949528157711029,
                0.0
            ],
            [
                -104.13402557373047,
                -211.66220092773438,
                19.8824405670166,
                1.0
            ]
        ]
    },
    {
        "ID": 33,
        "Name": "OBJ_WEAPON_SPEAR_A",
        "Type": 55,
        "Scale": 1.2999999523162842,
        "Transform": [
            [
                -0.39927518367767336,
                -0.900750458240509,
                -0.1709618866443634,
                0.0
            ],
            [
                0.91420978307724,
                -0.40524131059646609,
                0.0,
                0.0
            ],
            [
                -0.06928081810474396,
                -0.1562950164079666,
                0.9852776527404785,
                0.0
            ],
            [
                -101.3502197265625,
                -213.55117797851563,
                20.814218521118165,
                1.0
            ]
        ]
    },
    {
        "ID": 34,
        "Name": "OBJ_WEAPON_SPEAR_A",
        "Type": 55,
        "Scale": 1.0,
        "Transform": [
            [
                -0.05983076989650726,
                -0.9738659262657166,
                -0.21910123527050019,
                0.0
            ],
            [
                0.9981181025505066,
                -0.06132073700428009,
                0.0,
                0.0
            ],
            [
                -0.01343544851988554,
                -0.21868890523910523,
                0.9757021069526672,
                0.0
            ],
            [
                -106.67394256591797,
                -211.80252075195313,
                19.150617599487306,
                1.0
            ]
        ]
    },
    {
        "ID": 31,
        "Name": "OBJ_TABLE_MARKET_A",
        "Type": 55,
        "Scale": 1.5,
        "Transform": [
            [
                0.9986451268196106,
                0.03678227961063385,
                -0.03680722415447235,
                0.0
            ],
            [
                -0.03680722415447235,
                0.9993223547935486,
                0.0,
                0.0
            ],
            [
                0.03678227961063385,
                0.0013547716662287713,
                0.9993223547935486,
                0.0
            ],
            [
                -93.05013275146485,
                -215.58059692382813,
                12.105164527893067,
                1.0
            ]
        ]
    },
    {
        "ID": 35,
        "Name": "OBJ_WEAPON_SWORD_A",
        "Type": 55,
        "Scale": 1.2999999523162842,
        "Transform": [
            [
                -0.012271538376808167,
                0.9999247193336487,
                -0.0,
                0.0
            ],
            [
                0.9999247193336487,
                0.012271538376808167,
                -0.0,
                0.0
            ],
            [
                0.0,
                -0.0,
                -1.0,
                0.0
            ],
            [
                -87.52648162841797,
                -205.0010528564453,
                16.237897872924806,
                1.0
            ]
        ]
    },
    {
        "ID": 36,
        "Name": "OBP_BP_PLANT",
        "Type": 55,
        "Scale": 3.0,
        "Transform": [
            [
                0.9619622826576233,
                -0.059099454432725909,
                -0.2667127549648285,
                0.0
            ],
            [
                0.06132073700428009,
                0.9981181025505066,
                0.0,
                0.0
            ],
            [
                0.2662108242511749,
                -0.01635502092540264,
                0.9637760519981384,
                0.0
            ],
            [
                -199.12440490722657,
                -72.64299774169922,
                14.690242767333985,
                1.0
            ]
        ]
    },
    {
        "ID": 37,
        "Name": "OBP_BP_PLANT",
        "Type": 55,
        "Scale": 6.0,
        "Transform": [
            [
                0.44623005390167239,
                0.8865068554878235,
                0.12241067737340927,
                0.0
            ],
            [
                -0.89322429895401,
                0.4496113359928131,
                0.0,
                0.0
            ],
            [
                -0.055037226527929309,
                -0.10934019088745117,
                0.9924795627593994,
                0.0
            ],
            [
                -189.83387756347657,
                -83.51387786865235,
                12.461823463439942,
                1.0
            ]
        ]
    },
    {
        "ID": 38,
        "Name": "OBP_BP_PLANT",
        "Type": 55,
        "Scale": 3.0,
        "Transform": [
            [
                -0.8942049741744995,
                0.42292743921279909,
                0.1467304676771164,
                0.0
            ],
            [
                -0.4275550842285156,
                -0.903989315032959,
                0.0,
                0.0
            ],
            [
                0.13264276087284089,
                -0.06273535639047623,
                0.9891765117645264,
                0.0
            ],
            [
                -182.78106689453126,
                -72.44503784179688,
                10.755775451660157,
                1.0
            ]
        ]
    },
    {
        "ID": 39,
        "Name": "OBP_BP_PLANT",
        "Type": 55,
        "Scale": 4.0,
        "Transform": [
            [
                -0.165838360786438,
                0.9557501077651978,
                0.24298018217086793,
                0.0
            ],
            [
                -0.9852776527404785,
                -0.1709618866443634,
                0.0,
                0.0
            ],
            [
                0.041540347039699557,
                -0.23940293490886689,
                0.9700312614440918,
                0.0
            ],
            [
                -50.050559997558597,
                47.273929595947269,
                12.056421279907227,
                1.0
            ]
        ]
    },
    {
        "ID": 40,
        "Name": "OBP_BP_PLANT",
        "Type": 55,
        "Scale": 5.0,
        "Transform": [
            [
                0.18447883427143098,
                0.9274376630783081,
                0.32531028985977175,
                0.0
            ],
            [
                -0.9807852506637573,
                0.19509032368659974,
                0.0,
                0.0
            ],
            [
                -0.06346488744020462,
                -0.3190595209598541,
                0.9456073045730591,
                0.0
            ],
            [
                -60.81388854980469,
                37.665748596191409,
                9.635364532470704,
                1.0
            ]
        ]
    },
    {
        "ID": 20,
        "Name": "OBJ_CAVE_ENTRY_LIGHT3",
        "Type": 57,
        "Scale": 0.5,
        "Transform": [
            [
                0.43861624598503115,
                0.898674488067627,
                -0.0,
                0.0
            ],
            [
                -0.898674488067627,
                0.43861624598503115,
                0.0,
                0.0
            ],
            [
                0.0,
                0.0,
                1.0,
                0.0
            ],
            [
                152.34661865234376,
                -187.5208282470703,
                22.85567855834961,
                1.0
            ]
        ]
    },
    {
        "ID": 41,
        "Name": "OBJ_SIGN_MINEA",
        "Type": 0,
        "Scale": 1.0,
        "Transform": [
            [
                0.0,
                1.0,
                -0.0,
                0.0
            ],
            [
                -1.0,
                0.0,
                0.0,
                0.0
            ],
            [
                0.0,
                0.0,
                1.0,
                0.0
            ],
            [
                134.30111694335938,
                -150.40968322753907,
                13.343377113342286,
                1.0
            ]
        ]
    }
]