[
    {
        "ID": 84,
        "Name": "ICROCK203A",
        "Type": 0,
        "Scale": 1.0,
        "Transform": [
            [
                -0.32531028985977175,
                -0.9456073045730591,
                -0.0,
                0.0
            ],
            [
                0.9456073045730591,
                -0.32531028985977175,
                0.0,
                0.0
            ],
            [
                -0.0,
                0.0,
                1.0,
                0.0
            ],
            [
                894.567138671875,
                -1913.7117919921876,
                -185.1859588623047,
                1.0
            ]
        ]
    },
    {
        "ID": 83,
        "Name": "ICROCK203A",
        "Type": 0,
        "Scale": 1.0,
        "Transform": [
            [
                0.91420978307724,
                -0.40524131059646609,
                -0.0,
                0.0
            ],
            [
                -0.40524131059646609,
                -0.91420978307724,
                -0.0,
                0.0
            ],
            [
                0.0,
                0.0,
                -1.0,
                0.0
            ],
            [
                894.3147583007813,
                -1925.7462158203126,
                -153.36862182617188,
                1.0
            ]
        ]
    },
    {
        "ID": 82,
        "Name": "ICROCK203A",
        "Type": 0,
        "Scale": 1.0,
        "Transform": [
            [
                0.0,
                -0.0,
                1.0,
                0.0
            ],
            [
                0.99969881772995,
                0.024541229009628297,
                0.0,
                0.0
            ],
            [
                -0.024541229009628297,
                0.99969881772995,
                0.0,
                0.0
            ],
            [
                893.5504150390625,
                -1951.9954833984376,
                -132.7674560546875,
                1.0
            ]
        ]
    },
    {
        "ID": 81,
        "Name": "ICROCK203A",
        "Type": 0,
        "Scale": 1.0,
        "Transform": [
            [
                -0.903989315032959,
                -0.4275550842285156,
                -0.0,
                0.0
            ],
            [
                0.4275550842285156,
                -0.903989315032959,
                0.0,
                0.0
            ],
            [
                -0.0,
                0.0,
                1.0,
                0.0
            ],
            [
                871.644775390625,
                -1977.0418701171876,
                -52.020347595214847,
                1.0
            ]
        ]
    },
    {
        "ID": 80,
        "Name": "ICROCK203A",
        "Type": 0,
        "Scale": 1.0,
        "Transform": [
            [
                0.3484186828136444,
                0.9373390078544617,
                -0.0,
                0.0
            ],
            [
                -0.9373390078544617,
                0.3484186828136444,
                0.0,
                0.0
            ],
            [
                0.0,
                0.0,
                1.0,
                0.0
            ],
            [
                851.9189453125,
                -1992.142333984375,
                84.45943450927735,
                1.0
            ]
        ]
    },
    {
        "ID": 3,
        "Name": "ICROCK202A",
        "Type": 58,
        "Scale": 1.0,
        "Transform": [
            [
                -0.3674347400665283,
                -0.9300311207771301,
                -0.0,
                0.0
            ],
            [
                0.9300311207771301,
                -0.3674347400665283,
                0.0,
                0.0
            ],
            [
                -0.0,
                0.0,
                1.0,
                0.0
            ],
            [
                -522.8807983398438,
                1600.2242431640626,
                -200.17269897460938,
                1.0
            ]
        ]
    },
    {
        "ID": 4,
        "Name": "ICROCK205A",
        "Type": 58,
        "Scale": 1.0,
        "Transform": [
            [
                -0.3608069121837616,
                0.9326345920562744,
                -0.0,
                0.0
            ],
            [
                -0.9326345920562744,
                -0.3608069121837616,
                0.0,
                0.0
            ],
            [
                0.0,
                0.0,
                1.0,
                0.0
            ],
            [
                -445.6233215332031,
                2335.590087890625,
                -199.03871154785157,
                1.0
            ]
        ]
    },
    {
        "ID": 5,
        "Name": "ICROCK203A",
        "Type": 58,
        "Scale": 1.0,
        "Transform": [
            [
                0.05703553929924965,
                0.21154312789440156,
                -0.9757021069526672,
                0.0
            ],
            [
                0.9655040502548218,
                -0.2603159248828888,
                -0.0,
                0.0
            ],
            [
                -0.2539907693862915,
                -0.9420443177223206,
                -0.21910123527050019,
                0.0
            ],
            [
                -1180.4576416015626,
                1408.2208251953126,
                -28.21674919128418,
                1.0
            ]
        ]
    },
    {
        "ID": 6,
        "Name": "ICROCK202A",
        "Type": 58,
        "Scale": 1.0,
        "Transform": [
            [
                -0.2486867755651474,
                -0.968564510345459,
                -0.0,
                0.0
            ],
            [
                0.968564510345459,
                -0.2486867755651474,
                0.0,
                0.0
            ],
            [
                -0.0,
                0.0,
                1.0,
                0.0
            ],
            [
                -1528.281494140625,
                539.438232421875,
                -12.612834930419922,
                1.0
            ]
        ]
    },
    {
        "ID": 7,
        "Name": "ICROCK205A",
        "Type": 58,
        "Scale": 1.0,
        "Transform": [
            [
                0.28087174892425539,
                -0.959732711315155,
                -0.0,
                0.0
            ],
            [
                0.959732711315155,
                0.28087174892425539,
                0.0,
                0.0
            ],
            [
                0.0,
                -0.0,
                1.0,
                0.0
            ],
            [
                -1986.9327392578126,
                -1187.8759765625,
                -31.747997283935548,
                1.0
            ]
        ]
    },
    {
        "ID": 8,
        "Name": "ICROCK205A",
        "Type": 58,
        "Scale": 1.0,
        "Transform": [
            [
                0.6641648411750794,
                -0.7277551293373108,
                0.1709618866443634,
                0.0
            ],
            [
                0.7386295199394226,
                0.6740890741348267,
                0.0,
                0.0
            ],
            [
                -0.11524353921413422,
                0.12627749145030976,
                0.9852776527404785,
                0.0
            ],
            [
                -877.06005859375,
                -1846.7396240234376,
                -23.915679931640626,
                1.0
            ]
        ]
    },
    {
        "ID": 9,
        "Name": "ICROCK202A",
        "Type": 58,
        "Scale": 1.0,
        "Transform": [
            [
                0.3493359088897705,
                -0.9369916319847107,
                -0.0,
                0.0
            ],
            [
                0.9369916319847107,
                0.3493359088897705,
                0.0,
                0.0
            ],
            [
                0.0,
                -0.0,
                1.0,
                0.0
            ],
            [
                -465.081298828125,
                -2795.087890625,
                -31.59120750427246,
                1.0
            ]
        ]
    },
    {
        "ID": 10,
        "Name": "ICROCK203A",
        "Type": 58,
        "Scale": 1.0,
        "Transform": [
            [
                0.9999803900718689,
                -0.0031903451308608057,
                -0.0,
                0.0
            ],
            [
                0.0031903451308608057,
                0.9999803900718689,
                0.0,
                0.0
            ],
            [
                0.0,
                -0.0,
                1.0,
                0.0
            ],
            [
                316.7571716308594,
                -3024.779052734375,
                -21.78218650817871,
                1.0
            ]
        ]
    },
    {
        "ID": 11,
        "Name": "ICROCK205A",
        "Type": 58,
        "Scale": 1.0,
        "Transform": [
            [
                0.8926656246185303,
                0.4507044553756714,
                -0.0,
                0.0
            ],
            [
                -0.4507044553756714,
                0.8926656246185303,
                0.0,
                0.0
            ],
            [
                0.0,
                0.0,
                1.0,
                0.0
            ],
            [
                1490.189208984375,
                -1976.35302734375,
                -31.74799919128418,
                1.0
            ]
        ]
    },
    {
        "ID": 12,
        "Name": "ICROCK202A",
        "Type": 58,
        "Scale": 1.0,
        "Transform": [
            [
                -0.02151341922581196,
                -0.18176786601543427,
                -0.983105480670929,
                0.0
            ],
            [
                -0.9930506348609924,
                0.11753405630588532,
                -0.0,
                0.0
            ],
            [
                0.11554837226867676,
                0.9762734770774841,
                -0.18303988873958589,
                0.0
            ],
            [
                2036.823974609375,
                -1036.2325439453126,
                -68.97116088867188,
                1.0
            ]
        ]
    },
    {
        "ID": 14,
        "Name": "ICROCK202A",
        "Type": 58,
        "Scale": 1.0,
        "Transform": [
            [
                -0.036421071738004687,
                0.03287997469305992,
                -0.9987954497337341,
                0.0
            ],
            [
                -0.6700944900512695,
                -0.7422621250152588,
                0.0,
                0.0
            ],
            [
                -0.7413679957389832,
                0.6692873239517212,
                0.049067672342061999,
                0.0
            ],
            [
                2878.18359375,
                -835.2236328125,
                -76.19769287109375,
                1.0
            ]
        ]
    },
    {
        "ID": 15,
        "Name": "ICROCK205A",
        "Type": 58,
        "Scale": 1.0,
        "Transform": [
            [
                -0.6796982288360596,
                0.7334825992584229,
                -0.0,
                0.0
            ],
            [
                -0.7334825992584229,
                -0.6796982288360596,
                0.0,
                0.0
            ],
            [
                0.0,
                0.0,
                1.0,
                0.0
            ],
            [
                2097.9658203125,
                -209.68626403808595,
                -63.94908142089844,
                1.0
            ]
        ]
    },
    {
        "ID": 16,
        "Name": "ICROCK203A",
        "Type": 58,
        "Scale": 1.0,
        "Transform": [
            [
                -0.016923094168305398,
                0.09654425084590912,
                -0.9951847195625305,
                0.0
            ],
            [
                -0.9849731922149658,
                -0.17265444993972779,
                0.0,
                0.0
            ],
            [
                -0.17182306945323945,
                0.9802302122116089,
                0.0980171412229538,
                0.0
            ],
            [
                1117.7254638671876,
                289.8292236328125,
                13.250651359558106,
                1.0
            ]
        ]
    },
    {
        "ID": 18,
        "Name": "ICROCK202A",
        "Type": 58,
        "Scale": 1.0,
        "Transform": [
            [
                0.1481856256723404,
                0.9889515042304993,
                -0.0,
                0.0
            ],
            [
                -0.9889515042304993,
                0.1481856256723404,
                0.0,
                0.0
            ],
            [
                0.0,
                0.0,
                1.0,
                0.0
            ],
            [
                1704.2406005859376,
                518.9727172851563,
                -48.994510650634769,
                1.0
            ]
        ]
    },
    {
        "ID": 19,
        "Name": "ICROCK203A",
        "Type": 58,
        "Scale": 1.0,
        "Transform": [
            [
                -0.021758509799838067,
                0.01135013997554779,
                0.99969881772995,
                0.0
            ],
            [
                0.4624927341938019,
                0.8866105079650879,
                -0.0,
                0.0
            ],
            [
                -0.8863434195518494,
                0.4623534381389618,
                -0.024541229009628297,
                0.0
            ],
            [
                2734.216552734375,
                2856.636474609375,
                -81.73986053466797,
                1.0
            ]
        ]
    },
    {
        "ID": 21,
        "Name": "ICROCK203A",
        "Type": 58,
        "Scale": 1.0,
        "Transform": [
            [
                -0.14842888712882996,
                -0.988913893699646,
                -0.0,
                0.0
            ],
            [
                0.988913893699646,
                -0.14842888712882996,
                0.0,
                0.0
            ],
            [
                -0.0,
                0.0,
                1.0,
                0.0
            ],
            [
                3899.03125,
                696.7147216796875,
                -83.7253646850586,
                1.0
            ]
        ]
    },
    {
        "ID": 22,
        "Name": "ICROCK202A",
        "Type": 58,
        "Scale": 1.0,
        "Transform": [
            [
                0.40253952145576479,
                -0.9153875708580017,
                -0.0,
                0.0
            ],
            [
                0.9153875708580017,
                0.40253952145576479,
                0.0,
                0.0
            ],
            [
                0.0,
                -0.0,
                1.0,
                0.0
            ],
            [
                3165.5126953125,
                64.4559555053711,
                -87.18965148925781,
                1.0
            ]
        ]
    },
    {
        "ID": 23,
        "Name": "ICROCK202A",
        "Type": 58,
        "Scale": 1.0,
        "Transform": [
            [
                0.0719502866268158,
                -0.09903113543987274,
                0.9924795627593994,
                0.0
            ],
            [
                0.8090073466300964,
                0.5877779126167297,
                0.0,
                0.0
            ],
            [
                -0.5833575129508972,
                0.8029232025146484,
                0.12241067737340927,
                0.0
            ],
            [
                4017.418212890625,
                -1178.8486328125,
                -77.30746459960938,
                1.0
            ]
        ]
    },
    {
        "ID": 24,
        "Name": "ICROCK203A",
        "Type": 58,
        "Scale": 1.0,
        "Transform": [
            [
                0.026606805622577668,
                -0.21747848391532899,
                0.9757021069526672,
                0.0
            ],
            [
                0.9925936460494995,
                0.12143613398075104,
                0.0,
                0.0
            ],
            [
                -0.11848548799753189,
                0.9684756994247437,
                0.21910123527050019,
                0.0
            ],
            [
                4263.15576171875,
                -1990.958984375,
                -88.56049346923828,
                1.0
            ]
        ]
    },
    {
        "ID": 25,
        "Name": "ICROCK203A",
        "Type": 58,
        "Scale": 1.0,
        "Transform": [
            [
                0.9932218790054321,
                -0.1160716861486435,
                -0.0,
                0.0
            ],
            [
                0.1160716861486435,
                0.9932218790054321,
                0.0,
                0.0
            ],
            [
                0.0,
                -0.0,
                1.0,
                0.0
            ],
            [
                2585.702880859375,
                -3108.044921875,
                -57.139625549316409,
                1.0
            ]
        ]
    },
    {
        "ID": 26,
        "Name": "ICROCK203A",
        "Type": 58,
        "Scale": 1.0,
        "Transform": [
            [
                0.9683198928833008,
                -0.24963854253292085,
                -0.0,
                0.0
            ],
            [
                0.24963854253292085,
                0.9683198928833008,
                0.0,
                0.0
            ],
            [
                0.0,
                -0.0,
                1.0,
                0.0
            ],
            [
                2531.383544921875,
                -3116.78515625,
                -62.511451721191409,
                1.0
            ]
        ]
    },
    {
        "ID": 27,
        "Name": "ICROCK202A",
        "Type": 58,
        "Scale": 1.0,
        "Transform": [
            [
                -0.997212290763855,
                -0.07454152405261994,
                -0.0,
                0.0
            ],
            [
                0.07454152405261994,
                -0.997212290763855,
                0.0,
                0.0
            ],
            [
                -0.0,
                0.0,
                1.0,
                0.0
            ],
            [
                1703.53076171875,
                -3299.450927734375,
                17.005308151245118,
                1.0
            ]
        ]
    },
    {
        "ID": 28,
        "Name": "ICROCK202A",
        "Type": 58,
        "Scale": 1.0,
        "Transform": [
            [
                0.3665723204612732,
                0.05916424095630646,
                -0.928506076335907,
                0.0
            ],
            [
                0.159336119890213,
                -0.9872214794158936,
                -0.0,
                0.0
            ],
            [
                -0.916641116142273,
                -0.14794455468654633,
                -0.37131720781326296,
                0.0
            ],
            [
                1229.6715087890626,
                -4315.85546875,
                -27.768522262573243,
                1.0
            ]
        ]
    },
    {
        "ID": 29,
        "Name": "ICROCK203A",
        "Type": 58,
        "Scale": 1.0,
        "Transform": [
            [
                -0.9506471753120422,
                0.23095375299453736,
                -0.20711137354373933,
                0.0
            ],
            [
                0.23607243597507478,
                0.971716582775116,
                -0.0,
                0.0
            ],
            [
                0.20125354826450349,
                -0.0488932840526104,
                -0.978317379951477,
                0.0
            ],
            [
                2549.368408203125,
                -4425.8154296875,
                -39.43888473510742,
                1.0
            ]
        ]
    },
    {
        "ID": 30,
        "Name": "ICROCK202A",
        "Type": 58,
        "Scale": 1.0,
        "Transform": [
            [
                0.6581695079803467,
                0.7528448700904846,
                -0.0,
                0.0
            ],
            [
                -0.7528448700904846,
                0.6581695079803467,
                0.0,
                0.0
            ],
            [
                0.0,
                0.0,
                1.0,
                0.0
            ],
            [
                3728.543212890625,
                -4269.828125,
                56.58135223388672,
                1.0
            ]
        ]
    },
    {
        "ID": 31,
        "Name": "ICROCK202A",
        "Type": 58,
        "Scale": 1.0,
        "Transform": [
            [
                0.15003566443920136,
                0.14277353882789613,
                -0.978317379951477,
                0.0
            ],
            [
                0.6893563866615295,
                -0.7244202494621277,
                -0.0,
                0.0
            ],
            [
                -0.7087128758430481,
                -0.6744093298912048,
                -0.20711137354373933,
                0.0
            ],
            [
                3533.44677734375,
                -2777.072509765625,
                -74.86510467529297,
                1.0
            ]
        ]
    },
    {
        "ID": 32,
        "Name": "ICROCK202A",
        "Type": 58,
        "Scale": 1.0,
        "Transform": [
            [
                -0.30037444829940798,
                -0.9538118839263916,
                -0.0,
                0.0
            ],
            [
                0.9538118839263916,
                -0.30037444829940798,
                0.0,
                0.0
            ],
            [
                -0.0,
                0.0,
                1.0,
                0.0
            ],
            [
                4297.29296875,
                -4198.69091796875,
                -67.45507049560547,
                1.0
            ]
        ]
    },
    {
        "ID": 33,
        "Name": "ICROCK202A",
        "Type": 58,
        "Scale": 1.0,
        "Transform": [
            [
                0.26906347274780276,
                -0.9631099104881287,
                -0.0,
                0.0
            ],
            [
                0.9631099104881287,
                0.26906347274780276,
                0.0,
                0.0
            ],
            [
                0.0,
                -0.0,
                1.0,
                0.0
            ],
            [
                4172.4599609375,
                -4376.94091796875,
                -9.69753646850586,
                1.0
            ]
        ]
    },
    {
        "ID": 34,
        "Name": "ICROCK203A",
        "Type": 58,
        "Scale": 1.0,
        "Transform": [
            [
                0.024535836651921274,
                0.0004936641198582947,
                0.99969881772995,
                0.0
            ],
            [
                0.02011570706963539,
                -0.9997802972793579,
                -0.0,
                0.0
            ],
            [
                0.9994791746139526,
                0.020109647884964944,
                -0.024541229009628297,
                0.0
            ],
            [
                3320.607666015625,
                -4687.1826171875,
                11.105864524841309,
                1.0
            ]
        ]
    },
    {
        "ID": 35,
        "Name": "ICROCK202A",
        "Type": 58,
        "Scale": 1.0,
        "Transform": [
            [
                0.08075469732284546,
                -0.05555093660950661,
                -0.9951847195625305,
                0.0
            ],
            [
                -0.5667471885681152,
                -0.8238834738731384,
                -0.0,
                0.0
            ],
            [
                -0.8199161887168884,
                0.5640181303024292,
                -0.0980171412229538,
                0.0
            ],
            [
                2703.2978515625,
                -3695.51318359375,
                -68.63867950439453,
                1.0
            ]
        ]
    },
    {
        "ID": 36,
        "Name": "ICROCK202A",
        "Type": 58,
        "Scale": 1.0,
        "Transform": [
            [
                -0.029448579996824266,
                0.10621508955955506,
                -0.9939069747924805,
                0.0
            ],
            [
                -0.9636451601982117,
                -0.2671746611595154,
                0.0,
                0.0
            ],
            [
                -0.2655467391014099,
                0.9577736258506775,
                0.11022220551967621,
                0.0
            ],
            [
                202.60964965820313,
                -4199.59375,
                -15.998019218444825,
                1.0
            ]
        ]
    },
    {
        "ID": 37,
        "Name": "ICROCK203A",
        "Type": 58,
        "Scale": 1.0,
        "Transform": [
            [
                0.5441275835037231,
                0.03597065061330795,
                0.8382247090339661,
                0.0
            ],
            [
                0.06596186757087708,
                -0.9978043437004089,
                -0.0,
                0.0
            ],
            [
                0.8363842368125916,
                0.055290866643190387,
                -0.545324981212616,
                0.0
            ],
            [
                -69.97974395751953,
                -3799.892578125,
                -23.217775344848634,
                1.0
            ]
        ]
    },
    {
        "ID": 38,
        "Name": "ICROCK202A",
        "Type": 58,
        "Scale": 1.0,
        "Transform": [
            [
                -0.898450493812561,
                0.4390680491924286,
                -0.0,
                0.0
            ],
            [
                -0.4390680491924286,
                -0.898450493812561,
                0.0,
                0.0
            ],
            [
                0.0,
                0.0,
                1.0,
                0.0
            ],
            [
                1197.388916015625,
                -3400.62939453125,
                -24.809785842895509,
                1.0
            ]
        ]
    },
    {
        "ID": 39,
        "Name": "ICROCK202A",
        "Type": 58,
        "Scale": 1.0,
        "Transform": [
            [
                -0.3813025653362274,
                -0.032454632222652438,
                0.9238795042037964,
                0.0
            ],
            [
                -0.08480805158615112,
                0.9963916540145874,
                -0.0,
                0.0
            ],
            [
                -0.9205458164215088,
                -0.0783524140715599,
                -0.3826834261417389,
                0.0
            ],
            [
                -150.56675720214845,
                -3349.052490234375,
                43.95907974243164,
                1.0
            ]
        ]
    },
    {
        "ID": 41,
        "Name": "ICROCK203A",
        "Type": 58,
        "Scale": 1.0,
        "Transform": [
            [
                0.2363286316394806,
                -0.5360045433044434,
                -0.810457170009613,
                0.0
            ],
            [
                -0.9149991869926453,
                -0.40343037247657778,
                -0.0,
                0.0
            ],
            [
                -0.32696303725242617,
                0.7415676116943359,
                -0.5857978463172913,
                0.0
            ],
            [
                -1394.8690185546876,
                -3692.342041015625,
                -31.74799919128418,
                1.0
            ]
        ]
    },
    {
        "ID": 42,
        "Name": "ICROCK202A",
        "Type": 58,
        "Scale": 1.0,
        "Transform": [
            [
                0.257662296295166,
                -0.4075651168823242,
                -0.8760700821876526,
                0.0
            ],
            [
                -0.8452485203742981,
                -0.5343653559684753,
                -0.0,
                0.0
            ],
            [
                -0.46814149618148806,
                0.7404969334602356,
                -0.4821837842464447,
                0.0
            ],
            [
                -2175.8388671875,
                534.06494140625,
                -40.12446594238281,
                1.0
            ]
        ]
    },
    {
        "ID": 43,
        "Name": "ICROCK202A",
        "Type": 58,
        "Scale": 1.0,
        "Transform": [
            [
                0.03738512471318245,
                0.06335531175136566,
                0.9972904324531555,
                0.0
            ],
            [
                0.8612205386161804,
                -0.5081947445869446,
                -0.0,
                0.0
            ],
            [
                0.5068176984786987,
                0.8588869571685791,
                -0.0735645666718483,
                0.0
            ],
            [
                -4061.00390625,
                502.7767028808594,
                -78.56049346923828,
                1.0
            ]
        ]
    },
    {
        "ID": 44,
        "Name": "ICROCK203A",
        "Type": 58,
        "Scale": 1.0,
        "Transform": [
            [
                -0.33061927556991579,
                0.433666855096817,
                0.8382247090339661,
                0.0
            ],
            [
                0.7952448129653931,
                0.6062793731689453,
                -0.0,
                0.0
            ],
            [
                -0.5081983208656311,
                0.6665938496589661,
                -0.545324981212616,
                0.0
            ],
            [
                -2763.20068359375,
                -387.216552734375,
                -302.93548583984377,
                1.0
            ]
        ]
    },
    {
        "ID": 45,
        "Name": "ICROCK202A",
        "Type": 58,
        "Scale": 1.0,
        "Transform": [
            [
                -0.062066543847322467,
                -0.9980676770210266,
                -0.0,
                0.0
            ],
            [
                0.9980676770210266,
                -0.062066543847322467,
                0.0,
                0.0
            ],
            [
                -0.0,
                0.0,
                1.0,
                0.0
            ],
            [
                -2499.0390625,
                -1903.5849609375,
                -279.30517578125,
                1.0
            ]
        ]
    },
    {
        "ID": 46,
        "Name": "ICROCK202A",
        "Type": 58,
        "Scale": 1.0,
        "Transform": [
            [
                -0.12233744561672211,
                0.3505783975124359,
                -0.928506076335907,
                0.0
            ],
            [
                0.944148063659668,
                0.32946884632110598,
                -0.0,
                0.0
            ],
            [
                0.3059138059616089,
                -0.8766471743583679,
                -0.37131720781326296,
                0.0
            ],
            [
                -2099.0224609375,
                -3346.256103515625,
                -196.7169647216797,
                1.0
            ]
        ]
    },
    {
        "ID": 47,
        "Name": "ICROCK203A",
        "Type": 58,
        "Scale": 1.0,
        "Transform": [
            [
                -0.018940018489956857,
                0.07108362019062042,
                -0.9972904324531555,
                0.0
            ],
            [
                0.9662752747535706,
                0.25746116042137148,
                -0.0,
                0.0
            ],
            [
                0.2567635476589203,
                -0.9636570811271668,
                -0.0735645666718483,
                0.0
            ],
            [
                -1931.7945556640626,
                -4326.45068359375,
                -12.452829360961914,
                1.0
            ]
        ]
    },
    {
        "ID": 48,
        "Name": "ICROCK202A",
        "Type": 58,
        "Scale": 1.0,
        "Transform": [
            [
                -0.08014684915542603,
                -0.15100876986980439,
                -0.9852776527404785,
                0.0
            ],
            [
                0.883289098739624,
                -0.46879953145980837,
                0.0,
                0.0
            ],
            [
                -0.46189770102500918,
                -0.8702849745750427,
                0.1709618866443634,
                0.0
            ],
            [
                -1961.2271728515626,
                -4385.6787109375,
                -7.239747047424316,
                1.0
            ]
        ]
    },
    {
        "ID": 49,
        "Name": "ICROCK202A",
        "Type": 58,
        "Scale": 1.0,
        "Transform": [
            [
                0.004603934474289417,
                -0.01137494295835495,
                -0.9999247193336487,
                0.0
            ],
            [
                -0.9269370436668396,
                -0.3751717805862427,
                -0.0,
                0.0
            ],
            [
                -0.37514352798461916,
                0.9268672466278076,
                -0.012271538376808167,
                0.0
            ],
            [
                -2496.43505859375,
                -4097.43896484375,
                -14.68458366394043,
                1.0
            ]
        ]
    },
    {
        "ID": 50,
        "Name": "ICROCK203A",
        "Type": 58,
        "Scale": 1.0,
        "Transform": [
            [
                -0.34259650111198428,
                0.9237917065620422,
                0.1709618866443634,
                0.0
            ],
            [
                0.9375953674316406,
                0.34771570563316347,
                -0.0,
                0.0
            ],
            [
                -0.05944612994790077,
                0.1602930724620819,
                -0.9852776527404785,
                0.0
            ],
            [
                -2792.755126953125,
                -4263.88671875,
                50.349918365478519,
                1.0
            ]
        ]
    },
    {
        "ID": 51,
        "Name": "ICROCK202A",
        "Type": 58,
        "Scale": 1.0,
        "Transform": [
            [
                -0.375257283449173,
                -0.15295854210853578,
                -0.91420978307724,
                0.0
            ],
            [
                0.37745052576065066,
                -0.926009476184845,
                0.0,
                0.0
            ],
            [
                -0.846566915512085,
                -0.34506896138191225,
                0.40524131059646609,
                0.0
            ],
            [
                -4920.169921875,
                -4521.970703125,
                115.87914276123047,
                1.0
            ]
        ]
    },
    {
        "ID": 52,
        "Name": "ICROCK202A",
        "Type": 58,
        "Scale": 1.0,
        "Transform": [
            [
                -0.004459245130419731,
                -0.8639454245567322,
                0.5035383701324463,
                0.0
            ],
            [
                -0.9999682903289795,
                0.005161325912922621,
                -0.0,
                0.0
            ],
            [
                -0.002598925493657589,
                -0.5035223960876465,
                -0.8639728426933289,
                0.0
            ],
            [
                -4026.5908203125,
                -2965.058349609375,
                -93.81049346923828,
                1.0
            ]
        ]
    },
    {
        "ID": 53,
        "Name": "ICROCK203A",
        "Type": 58,
        "Scale": 1.0,
        "Transform": [
            [
                0.001326611964032054,
                0.15884999930858613,
                0.9873014092445374,
                0.0
            ],
            [
                -0.9999487400054932,
                0.008350921794772148,
                0.0,
                0.0
            ],
            [
                -0.008244876749813557,
                -0.9872507452964783,
                0.15885815024375916,
                0.0
            ],
            [
                -3804.217041015625,
                -1894.835205078125,
                -66.37387084960938,
                1.0
            ]
        ]
    },
    {
        "ID": 54,
        "Name": "ICROCK202A",
        "Type": 58,
        "Scale": 1.0,
        "Transform": [
            [
                -0.015359475277364254,
                -0.13369911909103394,
                -0.9909026622772217,
                0.0
            ],
            [
                -0.9934495091438294,
                0.11412836611270905,
                -0.0,
                0.0
            ],
            [
                0.11309009790420532,
                0.9844117164611816,
                -0.13458070158958436,
                0.0
            ],
            [
                -4088.677490234375,
                -991.2212524414063,
                -86.31049346923828,
                1.0
            ]
        ]
    },
    {
        "ID": 56,
        "Name": "ELECTMONU200",
        "Type": 58,
        "Scale": 1.0,
        "Transform": [
            [
                1.0,
                0.0,
                -0.0,
                0.0
            ],
            [
                0.0,
                1.0,
                0.0,
                0.0
            ],
            [
                0.0,
                0.0,
                1.0,
                0.0
            ],
            [
                1452.2960205078126,
                697.7745361328125,
                -199.71673583984376,
                1.0
            ]
        ]
    },
    {
        "ID": 57,
        "Name": "ELECTMONU200",
        "Type": 58,
        "Scale": 1.0,
        "Transform": [
            [
                0.0,
                1.0,
                -0.0,
                0.0
            ],
            [
                -1.0,
                0.0,
                0.0,
                0.0
            ],
            [
                0.0,
                0.0,
                1.0,
                0.0
            ],
            [
                -2861.29345703125,
                465.633544921875,
                -200.49798583984376,
                1.0
            ]
        ]
    },
    {
        "ID": 58,
        "Name": "CRATEG",
        "Type": 53,
        "Scale": 1.0
    },
    {
        "ID": 59,
        "Name": "CRATEG",
        "Type": 53,
        "Scale": 1.0
    },
    {
        "ID": 60,
        "Name": "CRATEG",
        "Type": 53,
        "Scale": 1.0
    },
    {
        "ID": 61,
