[
    {
        "ID": 1,
        "Name": "OBJ_GATEHD",
        "Type": 58,
        "Scale": 0.3999999761581421,
        "Transform": [
            [
                0.12241067737340927,
                -0.9924795627593994,
                -0.0,
                0.0
            ],
            [
                0.9924795627593994,
                0.12241067737340927,
                0.0,
                0.0
            ],
            [
                0.0,
                -0.0,
                1.0,
                0.0
            ],
            [
                -39.3508186340332,
                -414.14569091796877,
                73.18653869628906,
                1.0
            ]
        ]
    },
    {
        "ID": 3,
        "Name": "OBJ_CLDOOR",
        "Type": 58,
        "Scale": 1.0,
        "Transform": [
            [
                -0.5141027569770813,
                -0.8577286005020142,
                -0.0,
                0.0
            ],
            [
                0.8577286005020142,
                -0.5141027569770813,
                0.0,
                0.0
            ],
            [
                -0.0,
                0.0,
                1.0,
                0.0
            ],
            [
                590.81591796875,
                1284.65087890625,
                54.75,
                1.0
            ]
        ]
    },
    {
        "ID": 4,
        "Name": "OBJ_PMDOOR",
        "Type": 58,
        "Scale": 1.0,
        "Transform": [
            [
                0.9373390078544617,
                0.3484186828136444,
                -0.0,
                0.0
            ],
            [
                -0.3484186828136444,
                0.9373390078544617,
                0.0,
                0.0
            ],
            [
                0.0,
                0.0,
                1.0,
                0.0
            ],
            [
                -1005.7999877929688,
                43.299991607666019,
                71.0,
                1.0
            ]
        ]
    },
    {
        "ID": 2,
        "Name": "OBJ_TRAPDOORKL",
        "Type": 58,
        "Scale": 1.0999999046325684,
        "Transform": [
            [
                0.7003298401832581,
                -0.6667694449424744,
                -0.2548656463623047,
                0.0
            ],
            [
                0.6895405650138855,
                0.7242470979690552,
                0.0,
                0.0
            ],
            [
                0.18458569049835206,
                -0.17574019730091096,
                0.9669764637947083,
                0.0
            ],
            [
                1104.0,
                -1136.5,
                -58.0,
                1.0
            ]
        ]
    },
    {
        "ID": 5,
        "Name": "OBJ_URN_BROKE_",
        "Type": 55,
        "Scale": 1.0,
        "Transform": [
            [
                0.7409511208534241,
                -0.6715589761734009,
                -0.0,
                0.0
            ],
            [
                0.6715589761734009,
                0.7409511208534241,
                0.0,
                0.0
            ],
            [
                0.0,
                -0.0,
                1.0,
                0.0
            ],
            [
                614.9027709960938,
                -1935.95654296875,
                517.7615966796875,
                1.0
            ]
        ]
    },
    {
        "ID": 7,
        "Name": "OBJ_URN_BROKE_",
        "Type": 55,
        "Scale": 1.0,
        "Transform": [
            [
                0.7807372212409973,
                0.6248595118522644,
                -0.0,
                0.0
            ],
            [
                -0.6248595118522644,
                0.7807372212409973,
                0.0,
                0.0
            ],
            [
                0.0,
                0.0,
                1.0,
                0.0
            ],
            [
                621.6336669921875,
                -1946.0582275390626,
                518.5885009765625,
                1.0
            ]
        ]
    },
    {
        "ID": 8,
        "Name": "OBJ_URN_BROKE_",
        "Type": 55,
        "Scale": 1.0,
        "Transform": [
            [
                0.7730104327201843,
                -0.6343932747840881,
                -0.0,
                0.0
            ],
            [
                0.6343932747840881,
                0.7730104327201843,
                0.0,
                0.0
            ],
            [
                0.0,
                -0.0,
                1.0,
                0.0
            ],
            [
                632.0589599609375,
                -1972.86279296875,
                517.117919921875,
                1.0
            ]
        ]
    },
    {
        "ID": 9,
        "Name": "OBJ_URN_BROKE_",
        "Type": 55,
        "Scale": 1.0,
        "Transform": [
            [
                0.049067672342061999,
                -0.9987954497337341,
                -0.0,
                0.0
            ],
            [
                0.9987954497337341,
                0.049067672342061999,
                0.0,
                0.0
            ],
            [
                0.0,
                -0.0,
                1.0,
                0.0
            ],
            [
                509.8874816894531,
                -1986.3609619140626,
                526.83154296875,
                1.0
            ]
        ]
    },
    {
        "ID": 10,
        "Name": "OBJ_URN_BROKE_",
        "Type": 55,
        "Scale": 1.0,
        "Transform": [
            [
                -0.9981181025505066,
                0.06132073700428009,
                -0.0,
                0.0
            ],
            [
                -0.06132073700428009,
                -0.9981181025505066,
                0.0,
                0.0
            ],
            [
                0.0,
                0.0,
                1.0,
                0.0
            ],
            [
                492.82269287109377,
                -1996.4771728515626,
                527.9043579101563,
                1.0
            ]
        ]
    },
    {
        "ID": 6,
        "Name": "OBJ_TABLE_BRK_STONE_C_",
        "Type": 55,
        "Scale": 1.0,
        "Transform": [
            [
                -0.6055110692977905,
                0.7958369255065918,
                -0.0,
                0.0
            ],
            [
                -0.7958369255065918,
                -0.6055110692977905,
                0.0,
                0.0
            ],
            [
                0.0,
                0.0,
                1.0,
                0.0
            ],
            [
                488.5354309082031,
                -1958.25,
                524.7099609375,
                1.0
            ]
        ]
    },
    {
        "ID": 11,
        "Name": "OBJ_TABLE_BRK_STONE_A_",
        "Type": 55,
        "Scale": 1.0,
        "Transform": [
            [
                0.7807372212409973,
                0.6248595118522644,
                -0.0,
                0.0
            ],
            [
                -0.6248595118522644,
                0.7807372212409973,
                0.0,
                0.0
            ],
            [
                0.0,
                0.0,
                1.0,
                0.0
            ],
            [
                131.2278289794922,
                -1741.25341796875,
                413.38134765625,
                1.0
            ]
        ]
    },
    {
        "ID": 12,
        "Name": "OBJ_URN_BROKE_",
        "Type": 55,
        "Scale": 1.0,
        "Transform": [
            [
                -0.7326542735099793,
                -0.6806010007858276,
                -0.0,
                0.0
            ],
            [
                0.6806010007858276,
                -0.7326542735099793,
                0.0,
                0.0
            ],
            [
                -0.0,
                0.0,
                1.0,
                0.0
            ],
            [
                95.1971206665039,
                -1743.5103759765626,
                410.1413879394531,
                1.0
            ]
        ]
    },
    {
        "ID": 13,
        "Name": "OBJ_URN_BROKE_",
        "Type": 55,
        "Scale": 1.0,
        "Transform": [
            [
                -0.0735645666718483,
                0.9972904324531555,
                -0.0,
                0.0
            ],
            [
                -0.9972904324531555,
                -0.0735645666718483,
                0.0,
                0.0
            ],
            [
                0.0,
                0.0,
                1.0,
                0.0
            ],
            [
                84.01239776611328,
                -1669.564208984375,
                406.52032470703127,
                1.0
            ]
        ]
    },
    {
        "ID": 14,
        "Name": "OBJ_TORCH",
        "Type": 55,
        "Scale": 1.0,
        "Transform": [
            [
                -0.7958369255065918,
                -0.6055110692977905,
                -0.0,
                0.0
            ],
            [
                0.6055110692977905,
                -0.7958369255065918,
                0.0,
                0.0
            ],
            [
                -0.0,
                0.0,
                1.0,
                0.0
            ],
            [
                71.03984069824219,
                -1485.758056640625,
                362.83111572265627,
                1.0
            ]
        ]
    },
    {
        "ID": 15,
        "Name": "OBJ_TORCH",
        "Type": 55,
        "Scale": 1.0,
        "Transform": [
            [
                0.4760607182979584,
                -0.8649451732635498,
                -0.15885815024375916,
                0.0
            ],
            [
                0.8760700821876526,
                0.4821837842464447,
                0.0,
                0.0
            ],
            [
                0.07659882307052612,
                -0.13917087018489839,
                0.9873014092445374,
                0.0
            ],
            [
                100.6731185913086,
                -1518.953125,
                360.9427795410156,
                1.0
            ]
        ]
    },
    {
        "ID": 16,
        "Name": "OBJ_TORCH",
        "Type": 55,
        "Scale": 1.0,
        "Transform": [
            [
                -0.46053871512413027,
                -0.8876396417617798,
                -0.0,
                0.0
            ],
            [
                0.8876396417617798,
                -0.46053871512413027,
                0.0,
                0.0
            ],
            [
                -0.0,
                0.0,
                1.0,
                0.0
            ],
            [
                184.7032928466797,
                -1568.08837890625,
                358.07281494140627,
                1.0
            ]
        ]
    },
    {
        "ID": 17,
        "Name": "OBJ_TORCH",
        "Type": 55,
        "Scale": 1.0,
        "Transform": [
            [
                0.9569403529167175,
                0.290284663438797,
                -0.0,
                0.0
            ],
            [
                -0.290284663438797,
                0.9569403529167175,
                0.0,
                0.0
            ],
            [
                0.0,
                0.0,
                1.0,
                0.0
            ],
            [
                236.34239196777345,
                -1477.930419921875,
                343.933837890625,
                1.0
            ]
        ]
    },
    {
        "ID": 18,
        "Name": "OBJ_URN_BROKE_",
        "Type": 55,
        "Scale": 1.0,
        "Transform": [
            [
                -0.9999247193336487,
                -0.012271538376808167,
                -0.0,
                0.0
            ],
            [
                0.012271538376808167,
                -0.9999247193336487,
                0.0,
                0.0
            ],
            [
                -0.0,
                0.0,
                1.0,
                0.0
            ],
            [
                145.05535888671876,
                -1508.454833984375,
                374.30010986328127,
                1.0
            ]
        ]
    },
    {
        "ID": 19,
        "Name": "OBJ_TORCH",
        "Type": 55,
        "Scale": 1.0,
        "Transform": [
            [
                0.828161358833313,
                0.4296793043613434,
                0.3598950505256653,
                0.0
            ],
            [
                -0.46053871512413027,
                0.8876396417617798,
                0.0,
                0.0
            ],
            [
                -0.319457083940506,
                -0.1657456010580063,
                0.9329928159713745,
                0.0
            ],
            [
                831.4808959960938,
                -1468.4124755859376,
                202.52069091796876,
                1.0
            ]
        ]
    },
    {
        "ID": 20,
        "Name": "OBJ_TORCH",
        "Type": 55,
        "Scale": 1.0,
        "Transform": [
            [
                -0.6233372688293457,
                0.6547116041183472,
                0.4275550842285156,
                0.0
            ],
            [
                -0.7242470979690552,
                -0.6895405650138855,
                0.0,
                0.0
            ],
            [
                0.2948165535926819,
                -0.3096555173397064,
                0.903989315032959,
                0.0
            ],
            [
                830.017333984375,
                -1465.5340576171876,
                203.5516357421875,
                1.0
            ]
        ]
    },
    {
        "ID": 21,
        "Name": "OBJ_URN_BROKE_",
        "Type": 55,
        "Scale": 1.0,
        "Transform": [
            [
                0.08501677960157395,
                0.9872487783432007,
                -0.13458070158958436,
                0.0
            ],
            [
                -0.9963126182556152,
                0.08579730987548828,
                0.0,
                0.0
            ],
            [
                0.011546662077307701,
                0.13408444821834565,
                0.9909026622772217,
                0.0
            ],
            [
                829.265625,
                -1469.85009765625,
                212.6400909423828,
                1.0
            ]
        ]
    },
    {
        "ID": 22,
        "Name": "OBJ_TABLE_BRK_STONE_A_",
        "Type": 55,
        "Scale": 1.0,
        "Transform": [
            [
                0.4164295494556427,
                -0.909168004989624,
                -0.0,
                0.0
            ],
            [
                0.909168004989624,
                0.4164295494556427,
                0.0,
                0.0
            ],
            [
                0.0,
                -0.0,
                1.0,
                0.0
            ],
            [
                770.55712890625,
                -1564.892333984375,
                215.60122680664063,
                1.0
            ]
        ]
    },
    {
        "ID": 23,
        "Name": "OBJ_URN_BROKE_",
        "Type": 55,
        "Scale": 1.0,
        "Transform": [
            [
                -0.5857978463172913,
                -0.810457170009613,
                -0.0,
                0.0
            ],
            [
                0.810457170009613,
                -0.5857978463172913,
                0.0,
                0.0
            ],
            [
                -0.0,
                0.0,
                1.0,
                0.0
            ],
            [
                810.0590209960938,
                -1542.0499267578126,
                217.27976989746095,
                1.0
            ]
        ]
    },
    {
        "ID": 24,
        "Name": "OBJ_URN_BROKE_",
        "Type": 55,
        "Scale": 1.0,
        "Transform": [
            [
                0.2667127549648285,
                0.9637760519981384,
                -0.0,
                0.0
            ],
            [
                -0.9637760519981384,
                0.2667127549648285,
                0.0,
                0.0
            ],
            [
                0.0,
                0.0,
                1.0,
                0.0
            ],
            [
                804.183837890625,
                -1505.8846435546876,
                216.59786987304688,
                1.0
            ]
        ]
    },
    {
        "ID": 25,
        "Name": "OBJ_URN_BROKE_",
        "Type": 55,
        "Scale": 1.0,
        "Transform": [
            [
                0.9909026622772217,
                -0.13458070158958436,
                -0.0,
                0.0
            ],
            [
                0.13458070158958436,
                0.9909026622772217,
                0.0,
                0.0
            ],
            [
                0.0,
                -0.0,
                1.0,
                0.0
            ],
            [
                860.6996459960938,
                -1547.4669189453126,
                215.90870666503907,
                1.0
            ]
        ]
    },
    {
        "ID": 27,
        "Name": "OBJ_TORCH",
        "Type": 55,
        "Scale": 1.0,
        "Transform": [
            [
                -0.9456073045730591,
                -0.32531028985977175,
                -0.0,
                0.0
            ],
            [
                0.32531028985977175,
                -0.9456073045730591,
                0.0,
                0.0
            ],
            [
                -0.0,
                0.0,
                1.0,
                0.0
            ],
            [
                740.7395629882813,
                -1892.708251953125,
                122.31732177734375,
                1.0
            ]
        ]
    },
    {
        "ID": 28,
        "Name": "OBJ_TORCH",
        "Type": 55,
        "Scale": 1.0,
        "Transform": [
            [
                0.8465423583984375,
                -0.47956034541130068,
                -0.23105810582637788,
                0.0
            ],
            [
                0.49289819598197939,
                0.8700869679450989,
                0.0,
                0.0
            ],
            [
                0.20104064047336579,
                -0.11388812214136124,
                0.9729399681091309,
                0.0
            ],
            [
                832.0572509765625,
                -1894.21875,
                114.25572967529297,
                1.0
            ]
        ]
    },
    {
        "ID": 29,
        "Name": "OBJ_TORCH",
        "Type": 55,
        "Scale": 1.0,
        "Transform": [
            [
                0.9408100247383118,
                0.24796897172927857,
                -0.23105810582637788,
                0.0
            ],
            [
                -0.2548656463623047,
                0.9669764637947083,
                0.0,
                0.0
            ],
            [
                0.22342774271965028,
                0.05888877063989639,
                0.9729399681091309,
                0.0
            ],
            [
                848.1525268554688,
                -1825.4166259765626,
                111.48072052001953,
                1.0
            ]
        ]
    },
    {
        "ID": 30,
        "Name": "OBJ_TORCH",
        "Type": 55,
        "Scale": 1.0,
        "Transform": [
            [
                -0.8275803923606873,
                0.5384001135826111,
                -0.15885815024375916,
                0.0
            ],
            [
                -0.545324981212616,
                -0.8382247090339661,
                0.0,
                0.0
            ],
            [
                -0.1331588178873062,
                0.08662931621074677,
                0.9873014092445374,
                0.0
            ],
            [
                712.8558959960938,
                -1786.53564453125,
                115.4856185913086,
                1.0
            ]
        ]
    },
    {
        "ID": 31,
        "Name": "OBJ_TORCH",
        "Type": 55,
        "Scale": 1.0,
        "Transform": [
            [
                0.24996845424175263,
                0.9483962059020996,
                -0.19509032368659974,
                0.0
            ],
            [
                -0.9669764637947083,
                0.2548656463623047,
                0.0,
                0.0
            ],
            [
                0.049721818417310718,
                0.18864774703979493,
                0.9807852506637573,
                0.0
            ],
            [
                793.6805419921875,
                -1742.020751953125,
                111.3793716430664,
                1.0
            ]
        ]
    },
    {
        "ID": 32,
        "Name": "OBJ_URN_BROKE_",
        "Type": 55,
        "Scale": 1.0,
        "Transform": [
            [
                0.5035383701324463,
                -0.8639728426933289,
                -0.0,
                0.0
            ],
            [
                0.8639728426933289,
                0.5035383701324463,
                0.0,
                0.0
            ],
            [
                0.0,
                -0.0,
                1.0,
                0.0
            ],
            [
                791.4131469726563,
                -1775.513427734375,
                122.01791381835938,
                1.0
            ]
        ]
    },
    {
        "ID": 33,
        "Name": "OBJ_URN_BROKE_",
        "Type": 55,
        "Scale": 1.0,
        "Transform": [
            [
                0.4713967442512512,
                -0.8819212913513184,
                -0.0,
                0.0
            ],
            [
                0.8819212913513184,
                0.4713967442512512,
                0.0,
                0.0
            ],
            [
                0.0,
                -0.0,
                1.0,
                0.0
            ],
            [
                745.7933349609375,
                -1796.4302978515626,
                125.85857391357422,
                1.0
            ]
        ]
    },
    {
        "ID": 34,
        "Name": "OBJ_URN_BROKE_",
        "Type": 55,
        "Scale": 1.0,
        "Transform": [
            [
                0.978317379951477,
                -0.20711137354373933,
                -0.0,
                0.0
            ],
            [
                0.20711137354373933,
                0.978317379951477,
                0.0,
                0.0
            ],
            [
                0.0,
                -0.0,
                1.0,
                0.0
            ],
            [
                832.8712158203125,
                -1864.1087646484376,
                122.2578125,
                1.0
            ]
        ]
    },
    {
        "ID": 35,
        "Name": "OBJ_TABLE_BRK_WOOD_A_",
        "Type": 0,
        "Scale": 1.0,
        "Transform": [
            [
                0.8876396417617798,
                -0.46053871512413027,
                -0.0,
                0.0
            ],
            [
                0.46053871512413027,
                0.8876396417617798,
                0.0,
                0.0
            ],
            [
                0.0,
                -0.0,
                1.0,
                0.0
            ],
            [
                756.8175048828125,
                -1882.6649169921876,
                126.7706298828125,
                1.0
            ]
        ]
    },
    {
        "ID": 36,
        "Name": "OBJ_URN_BROKE_",
        "Type": 55,
        "Scale": 1.0,
        "Transform": [
            [
                -0.9807852506637573,
                -0.19509032368659974,
                -0.0,
                0.0
            ],
            [
                0.19509032368659974,
                -0.9807852506637573,
                0.0,
                0.0
            ],
            [
                -0.0,
                0.0,
                1.0,
                0.0
            ],
            [
                836.39404296875,
                -1855.9820556640626,
                121.33321380615235,
                1.0
            ]
        ]
    },
    {
        "ID": 37,
        "Name": "OBJ_TORCH",
        "Type": 55,
        "Scale": 1.0,
        "Transform": [
            [
                -0.8617784380912781,
                0.27301013469696047,
                0.4275550842285156,
                0.0
            ],
            [
                -0.30200594663619997,
                -0.9533060193061829,
                0.0,
                0.0
            ],
            [
                0.4075908064842224,
                -0.12912416458129884,
                0.903989315032959,
                0.0
            ],
            [
                866.9201049804688,
                -1561.098876953125,
                205.97369384765626,
                1.0
            ]
        ]
    },
    {
        "ID": 38,
        "Name": "OBJ_TORCH",
        "Type": 55,
        "Scale": 1.0,
        "Transform": [
            [
                0.754227876663208,
                -0.6189787983894348,
                0.21910123527050019,
                0.0
            ],
            [
                0.6343932747840881,
                0.7730104327201843,
                0.0,
                0.0
            ],
            [
                -0.16936753690242768,
                0.13899634778499604,
                0.9757021069526672,
                0.0
            ],
            [
                867.7393798828125,
                -1560.900390625,
                205.44898986816407,
                1.0
            ]
        ]
    },
    {
        "ID": 39,
        "Name": "OBJ_TORCH",
        "Type": 55,
        "Scale": 1.0,
        "Transform": [
            [
                -0.40433046221733096,
                -0.7564491033554077,
                0.5141027569770813,
                0.0
            ],
            [
                0.8819212913513184,
                -0.4713967442512512,
                0.0,
                0.0
            ],
            [
                0.2423463612794876,
                0.4533981382846832,
                0.8577286005020142,
                0.0
            ],
            [
                867.171875,
                -1564.4456787109376,
                206.54669189453126,
                1.0
            ]
        ]
    },
    {
        "ID": 40,
        "Name": "OBJ_URN_BROKE_",
        "Type": 55,
        "Scale": 1.0,
        "Transform": [
            [
                0.7409511208534241,
                0.6715589761734009,
                -0.0,
                0.0
            ],
            [
                -0.6715589761734009,
                0.7409511208534241,
                0.0,
                0.0
            ],
            [
                0.0,
                0.0,
                1.0,
                0.0
            ],
            [
                867.5989379882813,
                -1561.76904296875,
                214.14285278320313,
                1.0
            ]
        ]
    },
    {
        "ID": 41,
        "Name": "OBJ_TORCH",
        "Type": 55,
        "Scale": 1.0,
        "Transform": [
            [
                0.928506076335907,
                -0.37131720781326296,
                -0.0,
                0.0
            ],
            [
                0.37131720781326296,
                0.928506076335907,
                0.0,
                0.0
            ],
            [
                0.0,
                -0.0,
                1.0,
                0.0
            ],
            [
                275.1995849609375,
                -1451.712890625,
                126.24879455566406,
                1.0
            ]
        ]
    },
    {
        "ID": 42,
        "Name": "OBJ_TORCH",
        "Type": 55,
        "Scale": 1.0,
        "Transform": [
            [
                0.8660718202590942,
                0.4493485689163208,
                -0.21910123527050019,
                0.0
            ],
            [
                -0.46053871512413027,
                0.8876396417617798,
                0.0,
                0.0
            ],
            [
                0.1944829374551773,
                0.10090459883213043,
                0.9757021069526672,
                0.0
            ],
            [
                291.86041259765627,
                -1374.786376953125,
                124.29105377197266,
                1.0
            ]
        ]
    },
    {
        "ID": 43,
        "Name": "OBJ_TORCH",
        "Type": 55,
        "Scale": 1.0,
        "Transform": [
            [
                -0.033830028027296069,
                0.918491005897522,
                -0.39399203658103945,
                0.0
            ],
            [
                -0.9993223547935486,
                -0.03680722415447235,
                0.0,
                0.0
            ],
            [
                -0.014501752331852913,
                0.39372503757476809,
                0.9191138744354248,
                0.0
            ],
            [
                149.11019897460938,
                -1300.815185546875,
                128.92039489746095,
                1.0
            ]
        ]
    },
    {
        "ID": 44,
        "Name": "OBJ_TORCH",
        "Type": 55,
        "Scale": 1.0,
        "Transform": [
            [
                -0.7663540840148926,
                0.5397274494171143,
                -0.3484186828136444,
                0.0
            ],
            [
                -0.5758081674575806,
                -0.8175848126411438,
                0.0,
                0.0
            ],
            [
                -0.28486180305480959,
                0.2006223201751709,
                0.9373390078544617,
                0.0
            ],
            [
                41.32255554199219,
                -1360.2117919921876,
                132.65771484375,
                1.0
            ]
        ]
    },
    {
        "ID": 45,
        "Name": "OBJ_TORCH",
        "Type": 55,
        "Scale": 1.0,
        "Transform": [
            [
                -0.6980119943618774,
                -0.6645626425743103,
                -0.2667127549648285,
                0.0
            ],
            [
                0.6895405650138855,
                -0.7242470979690552,
                0.0,
                0.0
            ],
            [
                -0.19316592812538148,
                -0.18390925228595735,
                0.9637760519981384,
                0.0
            ],
            [
                0.499112993478775,
                -1489.4246826171876,
                134.1117706298828,
                1.0
            ]
        ]
    },
    {
        "ID": 46,
        "Name": "OBJ_TORCH",
        "Type": 55,
        "Scale": 1.0,
        "Transform": [
            [
                -0.7948843836784363,
                -0.5745418667793274,
                -0.19509032368659974,
                0.0
            ],
            [
                0.5857978463172913,
                -0.810457170009613,
                0.0,
                0.0
            ],
            [
                -0.15811234712600709,
                -0.114283487200737,
                0.9807852506637573,
                0.0
            ],
            [
                42.744632720947269,
                -1547.567626953125,
                135.85812377929688,
                1.0
            ]
        ]
    },
    {
        "ID": 47,
        "Name": "OBJ_URN_BROKE_",
        "Type": 55,
        "Scale": 1.0,
        "Transform": [
            [
                0.8245893120765686,
                0.5657318234443665,
                -0.0,
                0.0
            ],
            [
                -0.5657318234443665,
                0.8245893120765686,
                0.0,
                0.0
            ],
            [
                0.0,
                0.0,
                1.0,
                0.0
            ],
            [
                129.34999084472657,
                -1531.3419189453126,
                136.00912475585938,
                1.0
            ]
        ]
    },
    {
        "ID": 48,
        "Name": "OBJ_URN_BROKE_",
        "Type": 55,
        "Scale": 1.0,
        "Transform": [
            [
                0.7730104327201843,
                -0.6343932747840881,
                -0.0,
                0.0
            ],
            [
                0.6343932747840881,
                0.7730104327201843,
                0.0,
                0.0
            ],
            [
                0.0,
                -0.0,
                1.0,
                0.0
            ],
            [
                191.62924194335938,
                -1539.3482666015626,
                137.00634765625,
                1.0
            ]
        ]
    },
    {
        "ID": 49,
        "Name": "OBJ_URN_BROKE_",
        "Type": 55,
        "Scale": 1.0,
        "Transform": [
            [
                -0.012271538376808167,
                0.9999247193336487,
                -0.0,
                0.0
            ],
            [
                -0.9999247193336487,
                -0.012271538376808167,
                0.0,
                0.0
            ],
            [
                0.0,
                0.0,
                1.0,
                0.0
            ],
            [
                265.88641357421877,
                -1420.9576416015626,
                132.96453857421876,
                1.0
            ]
        ]
    },
    {
        "ID": 50,
        "Name": "OBJ_TABLE_BRK_STONE_C_",
        "Type": 55,
        "Scale": 1.0,
        "Transform": [
            [
                -0.9924795627593994,
                0.12241067737340927,
                -0.0,
                0.0
            ],
            [
                -0.12241067737340927,
                -0.9924795627593994,
                0.0,
                0.0
            ],
            [
                0.0,
                0.0,
                1.0,
                0.0
            ],
            [
                254.94320678710938,
                -1401.0445556640626,
                133.14797973632813,
                1.0
            ]
        ]
    },
    {
        "ID": 51,
        "Name": "OBJ_URN_BROKE_",
        "Type": 55,
        "Scale": 1.0,
        "Transform": [
            [
                -0.13458070158958436,
                -0.9909026622772217,
                -0.0,
                0.0
            ],
            [
                0.9909026622772217,
                -0.13458070158958436,
                0.0,
                0.0
            ],
            [
                -0.0,
                0.0,
                1.0,
                0.0
            ],
            [
                262.61920166015627,
                -1385.987060546875,
                132.59686279296876,
                1.0
            ]
        ]
    },
    {
        "ID": 52,
        "Name": "OBJ_URN_BROKE_",
        "Type": 55,
        "Scale": 1.0,
        "Transform": [
            [
                -0.7068937420845032,
                0.7068937420845032,
                -0.024541229009628297,
                0.0
            ],
            [
                -0.7071067690849304,
                -0.7071067690849304,
                0.0,
                0.0
            ],
            [
                -0.017353268340229989,
                0.017353268340229989,
                0.99969881772995,
                0.0
            ],
            [
                221.218505859375,
                -1351.7950439453126,
                133.05569458007813,
                1.0
            ]
        ]
    },
    {
        "ID": 53,
        "Name": "OBJ_URN_B_",
        "Type": 55,
        "Scale": 1.0,
        "Transform": [
            [
                0.739898681640625,
                0.6225699186325073,
                -0.2548656463623047,
                0.0
            ],
            [
                -0.6438315510749817,
                0.765167236328125,
                0.0,
                0.0
            ],
            [
                0.1950148344039917,
                0.16409054398536683,
                0.9669764637947083,
                0.0
            ],
            [
                290.76318359375,
                -1416.1162109375,
                132.70494079589845,
                1.0
            ]
        ]
    },
    {
        "ID": 54,
        "Name": "OBJ_TORCH",
        "Type": 55,
        "Scale": 1.0,
        "Transform": [
            [
                0.4347635507583618,
                0.8637268543243408,
                -0.2548656463623047,
                0.0
            ],
            [
                -0.89322429895401,
                0.4496113359928131,
                0.0,
                0.0
            ],
            [
                0.11459048092365265,
                0.2276521772146225,
                0.9669764637947083,
                0.0
            ],
            [
                185.93832397460938,
                -1643.55517578125,
                132.90011596679688,
                1.0
            ]
        ]
    },
    {
        "ID": 55,
        "Name": "OBJ_TORCH",
        "Type": 55,
        "Scale": 1.0,
        "Transform": [
            [
                0.99969881772995,
                -0.024541229009628297,
                -0.0,
                0.0
            ],
            [
                0.024541229009628297,
                0.99969881772995,
                0.0,
                0.0
            ],
            [
                0.0,
                -0.0,
                1.0,
                0.0
            ],
            [
                209.35324096679688,
                -1725.8349609375,
                140.64999389648438,
                1.0
            ]
        ]
    },
    {
        "ID": 56,
        "Name": "OBJ_TORCH",
        "Type": 55,
        "Scale": 1.0,
        "Transform": [
            [
                0.8627988696098328,
                -0.4611756205558777,
                -0.20711137354373933,
                0.0
            ],
            [
                0.4713967442512512,
                0.8819212913513184,
                0.0,
                0.0
            ],
            [
                0.1826559156179428,
                -0.09763162583112717,
                0.978317379951477,
                0.0
            ],
            [
                166.04368591308595,
                -1791.857177734375,
                143.32765197753907,
                1.0
            ]
        ]
    },
    {
        "ID": 57,
        "Name": "OBJ_TORCH",
        "Type": 55,
        "Scale": 1.0,
        "Transform": [
            [
                -0.73972487449646,
                -0.6070764660835266,
                -0.290284663438797,
                0.0
            ],
            [
                0.6343932747840881,
                -0.7730104327201843,
                0.0,
                0.0
            ],
            [
                -0.2243930697441101,
                -0.18415462970733643,
                0.9569403529167175,
                0.0
            ],
            [
                63.015281677246097,
                -1767.46875,
